songname,t,headX,headY,headZ,headRotX,headRotY,headRotZ,leftHandX,leftHandY,leftHandZ,leftHandRotX,leftHandRotY,leftHandRotZ,leftHandVelX,leftHandVelY,leftHandVelZ,leftHandAngVelX,leftHandAngVelY,leftHandAngVelZ,rightHandX,rightHandY,rightHandZ,rightHandRotX,rightHandRotY,rightHandRotZ,rightHandVelX,rightHandVelY,rightHandVelZ,rightHandAngVelX,rightHandAngVelY,rightHandAngVelZ

,1.85746,-0.3109539,0.07132185,-0.0007994315,351.7443,342.5364,358.2846,-0.25,1,0,0,0,0,0,0,0,0,0,0,0.25,1,0,0,0,0,0,0,0,0,0,0

,1.85746,-0.3126557,0.07298577,-0.001562848,351.1675,343.4871,356.3925,-0.25,1,0,0,0,0,0,0,0,0,0,0,0.25,1,0,0,0,0,0,0,0,0,0,0

,1.87746,-0.3072882,0.07451391,-0.002528652,352.1974,339.8617,358.0301,-0.25,1,0,0,0,0,0,0,0,0,0,0,0.25,1,0,0,0,0,0,0,0,0,0,0

,1.900265,-0.3062701,0.07647252,-0.002673431,354.3863,338.1498,359.8652,-0.4512173,0.08472002,0.06756175,346.3781,355.5422,353.3077,0.01391608,-0.02603251,0.004902994,-0.0006026816,0.0005739841,0.006897837,-0.209011,-0.6798888,-0.04704827,354.2192,326.9874,227.3829,0.0007181627,0.0008042965,0.0004960656,-8.80588E-05,0.0007213358,-0.0009082281

,1.923826,-0.303085,0.08417869,-0.00149463,1.566015,335.1935,1.063062,-0.4513637,0.08553576,0.06740028,346.3589,355.5479,353.2729,0.01394647,-0.01525196,0.005072155,-0.0008645345,-0.001137568,-0.01381588,-0.2089899,-0.6798891,-0.04702723,354.2198,326.9871,227.3822,0.0007384921,0.0003103502,0.0007279525,0.0006132341,5.810323E-05,-0.0004574815

,1.934175,-0.3024673,0.08577788,-0.001203462,3.094131,334.7771,1.952932,-0.4512086,0.08534658,0.06743783,346.3603,355.5493,353.264,0.01370633,-0.01554896,0.004509361,0.0001880927,-0.001260434,-0.01370834,-0.209008,-0.6798323,-0.04708952,354.2196,326.9857,227.3807,0.0006338244,0.0005273215,0.0001997789,0.001853493,-0.0006563936,-0.0009229082

,1.945103,-0.3022274,0.08724213,-0.001366868,4.25882,334.5589,2.448942,-0.4517142,0.08608115,0.06721628,346.3566,355.552,353.2394,0.01039814,-0.009544799,0.003552424,0.001365173,-0.001707554,-0.02577554,-0.2089882,-0.6798235,-0.04708502,354.2173,326.9911,227.3801,0.0008904458,0.0005782606,0.0002142335,0.001042749,0.001502162,-0.00152092

,1.956935,-0.3020499,0.0886873,-0.001498534,5.404381,334.3705,2.809852,-0.451581,0.08590007,0.0672214,346.3591,355.5661,353.1951,0.01060746,-0.01088966,0.003448133,0.003681807,-0.0009469675,-0.03703858,-0.2089784,-0.6798152,-0.04707241,354.2175,326.9885,227.3774,0.0008634594,0.0006433353,0.000478079,0.001693251,-4.379753E-05,-0.002289969

,1.967563,-0.3019683,0.08917534,-0.002293213,6.097442,334.5531,3.184504,-0.4519078,0.08620238,0.0670318,346.3552,355.5701,353.1753,0.008012662,-0.008798946,0.001554065,0.002909296,-0.0004489917,-0.03946991,-0.2090819,-0.6798865,-0.04702127,354.2222,326.988,227.3938,-7.251172E-07,0.000143615,0.0009711261,-0.001011323,0.0002103144,0.002299524

,1.978787,-0.3017467,0.08980024,-0.003399356,6.449591,334.651,3.668183,-0.4519497,0.08640325,0.06702435,346.3642,355.5867,353.1387,0.007927353,-0.006326084,0.001992911,0.00701775,0.003281065,-0.04371305,-0.20909,-0.6798719,-0.04702103,354.2143,326.9888,227.3905,-0.000175699,0.000492885,0.0006939351,-0.003216819,0.0004342913,-0.00149234

,1.989519,-0.3014058,0.09014559,-0.004994317,6.353386,334.8119,4.291896,-0.4519225,0.08627486,0.06691819,346.3477,355.5891,353.1185,0.006957161,-0.007849113,0.0003493932,-0.0007364479,0.0008070197,-0.04456916,-0.209096,-0.6798753,-0.04701638,354.2186,326.9891,227.3905,-0.0002806967,0.0002721763,0.0007013162,-0.0006305509,0.0007724047,1.621505E-05

,2.000931,-0.3008347,0.09012222,-0.007041021,6.213411,335.0356,5.006857,-0.4518521,0.08621156,0.06680471,346.3462,355.5968,353.0822,0.007281279,-0.005904253,-0.002998723,-0.002487656,0.001121354,-0.0481339,-0.2092741,-0.6798149,-0.04720947,354.2158,326.9863,227.4022,-0.001000272,-0.0002022037,-0.0005211905,-0.0006399965,0.0007701227,2.435542E-05

,2.011544,-0.2998455,0.09056973,-0.009278431,6.155166,335.0902,5.644756,-0.4521724,0.0866431,0.06661266,346.3469,355.5965,353.0567,0.004277623,-0.003527008,-0.003369992,-0.0008381711,-0.002158614,-0.04700044,-0.2092954,-0.6798185,-0.04721564,354.2195,326.9811,227.3983,-0.001256346,-0.0002398963,-0.0005215818,0.001954941,-0.00215235,-0.0007588773

,2.023139,-0.2984922,0.09133101,-0.01155294,6.325496,335.0618,6.372669,-0.4521272,0.0866797,0.06677395,346.3627,355.6079,353.0249,0.004324284,-0.002897577,-0.002361569,0.0003781944,-0.001259101,-0.04719478,-0.2092884,-0.6798147,-0.04720798,354.2159,326.9835,227.4026,-0.000759445,-0.0001453526,-0.0001416426,-0.001071305,-0.0006745248,0.00108807

,2.034169,-0.2967187,0.09263146,-0.01419552,6.427692,334.9617,6.979397,-0.4521298,0.08706331,0.06659812,346.3676,355.6123,352.9994,0.004795393,0.002246089,-0.003827098,0.004389029,-0.0008217148,-0.0437194,-0.2090688,-0.6798803,-0.04703528,354.2201,326.981,227.3915,3.308708E-05,0.0006231771,0.0009022593,0.0009897656,-0.003545205,0.001212085

,2.045109,-0.2950751,0.09459281,-0.01693825,6.426157,334.8521,7.450744,-0.4521554,0.08703601,0.0665651,346.3659,355.617,352.9782,0.003543112,0.0008032015,-0.003571787,0.002987007,-0.0007572561,-0.04047675,-0.2090428,-0.6798655,-0.04701817,354.2167,326.9882,227.3959,0.00068738,0.0008231269,0.001047557,-0.001714305,0.000872909,0.001848376

,2.056745,-0.2929043,0.09740436,-0.02002637,6.241855,334.6483,7.65011,-0.4521781,0.08706582,0.06676668,346.3798,355.6269,352.9633,0.00224923,-5.799088E-05,-0.001563771,0.003723639,0.0007046942,-0.03529064,-0.2090325,-0.6798519,-0.0470109,354.2094,326.9878,227.3951,0.0007502035,0.0009286078,0.0009214183,-0.003759466,0.0004841059,-0.0005764701

,2.068227,-0.2906518,0.1012292,-0.02341343,6.105213,334.3922,7.799134,-0.4523271,0.08707178,0.06668305,346.3762,355.6256,352.9654,0.0008563497,-0.0001882935,-0.002738305,0.0008563743,0.001147902,-0.0277892,-0.2091558,-0.6798936,-0.0469524,354.2203,326.9871,227.3925,-0.0003816859,6.879145E-05,0.001419982,0.001152457,8.787238E-06,-0.001359519

,2.079257,-0.2882884,0.1056335,-0.02686287,6.039569,334.0386,7.815641,-0.4524635,0.08716524,0.06662387,346.38,355.6227,352.9696,-0.001069641,-0.000481848,-0.002976285,0.001757998,-0.0003070875,-0.01721987,-0.2091639,-0.679895,-0.04693586,354.2229,326.9824,227.396,-0.0004853967,3.658133E-07,0.001416673,0.0008814324,-0.002048466,0.00107111

,2.089829,-0.2854775,0.1111305,-0.03073098,6.011235,333.5728,7.497232,-0.4524862,0.08715391,0.06653947,346.3767,355.6219,352.9854,-0.001379652,-0.0004186115,-0.004142263,-0.001524756,0.0003928013,-0.00535439,-0.2091686,-0.6798865,-0.04692718,354.2205,326.983,227.3937,-0.0004727351,0.0001769071,0.001189269,0.0007210959,-0.001435973,-0.0002959294

,2.100872,-0.2824404,0.1170756,-0.03451289,6.167252,333.1163,7.086832,-0.4526094,0.08735609,0.06642282,346.3779,355.6099,353.0039,-0.002745721,0.0008493721,-0.004329112,5.097341E-05,-0.002895042,0.006940002,-0.2091599,-0.6798114,-0.04720414,354.209,326.9831,227.3964,0.0002453293,0.000354009,-0.0009060671,0.000438471,0.0006668494,-0.001811587

,2.112311,-0.2792883,0.1240828,-0.03855987,6.604678,332.5679,6.605668,-0.4526117,0.08730686,0.06637472,346.3764,355.6115,353.028,-0.002815739,0.0004556427,-0.004516986,-0.001434156,0.001081776,0.01566741,-0.2091492,-0.6798116,-0.04721147,354.2091,326.9865,227.396,0.000460251,0.0002982358,-0.0008207481,0.0003287762,0.00216216,-0.001959182

,2.123623,-0.2758166,0.1313882,-0.04263867,7.189154,331.9757,6.2325,-0.4526881,0.08731425,0.06629175,346.3794,355.5956,353.0562,-0.0039563,0.0005439335,-0.005338357,-0.000645447,-0.00333842,0.02379693,-0.2091516,-0.679804,-0.04723233,354.2108,326.9828,227.4043,0.0002566298,0.0003651325,-0.001104182,-0.001024735,0.000206874,0.002304244

,2.134501,-0.2723371,0.1387197,-0.04687215,7.680003,331.3725,5.924072,-0.452647,0.08743143,0.06646651,346.3858,355.6012,353.0725,-0.00336101,0.001333127,-0.003346224,-0.002537406,0.001204137,0.02672821,-0.2090905,-0.6798266,-0.04719618,354.2154,326.9817,227.3979,0.0006712809,3.650087E-05,-0.0005451791,0.001353263,0.0002732343,0.001223897

,2.296925,-0.2100775,0.2242447,-0.1150414,8.439116,329.7336,4.714589,-0.4529992,0.08762193,0.06636906,346.4166,355.5916,353.1151,-0.001592948,0.0008310403,-0.002747247,-0.0005235574,-0.000729305,-0.01613504,-0.2094039,-0.679587,-0.0473035,354.2068,326.9817,227.4021,-0.0005900864,0.0003351098,-0.0005111626,-0.001346216,0.001427477,-0.0004204895

,2.326737,-0.1935149,0.2392607,-0.1298595,10.2148,332.3044,4.196086,-0.4529784,0.0876379,0.06639659,346.427,355.6067,353.061,-0.00136875,0.0004253392,-0.002470026,0.002221319,-0.0005306111,-0.0216085,-0.20943,-0.6795424,-0.04734105,354.2058,326.9753,227.3973,-0.000761691,0.001093258,-0.0009887933,-4.445578E-05,-0.001664659,-0.001957514

,2.335871,-0.187914,0.2441231,-0.1348261,11.25926,333.4901,4.34842,-0.4528936,0.08764827,0.06650645,346.4326,355.6089,353.0522,-0.001189232,0.0007143562,-0.00149141,0.001726763,-0.001602447,-0.01796269,-0.2091496,-0.679691,-0.04722014,354.2099,326.979,227.3912,0.0008488017,0.0008654615,-0.0002724589,0.0013043,-0.0006122758,9.736033E-06

,2.347146,-0.1822166,0.2483877,-0.1396213,12.49332,334.9539,4.585055,-0.4528972,0.08766317,0.06648427,346.431,355.6132,353.032,-0.0010464,0.0008296968,-0.001512549,0.001023658,-0.001409038,-0.02141986,-0.2091373,-0.6796683,-0.04723778,354.2083,326.9743,227.393,0.0009483236,0.001224179,-0.0006487809,-0.0004204577,-0.002225919,0.0003190258

,2.35832,-0.1762204,0.2519885,-0.1441631,13.74983,336.5332,4.742972,-0.4529277,0.0876714,0.06646258,346.433,355.6141,353.0296,-0.001591123,0.0008330008,-0.001655009,0.001595494,-0.0009735659,-0.0159313,-0.2092196,-0.6797074,-0.04737595,354.2122,326.9797,227.3979,0.0005234428,0.000376811,-0.001540194,0.00248174,0.001052414,0.0006223813

,2.369862,-0.1703056,0.2548034,-0.1486446,14.82597,338.1464,4.89038,-0.4528384,0.08761048,0.066392,346.4348,355.6235,353.0161,-0.0008951228,0.0004575509,-0.002113799,0.003870653,0.001420791,-0.01429799,-0.2092297,-0.6796669,-0.04740283,354.2058,326.9797,227.3955,0.0001278001,0.001210865,-0.001751961,0.0004369435,0.0006629804,-0.001802679

,2.381766,-0.1643643,0.2571485,-0.1531722,15.93554,340.0576,5.223125,-0.452898,0.0875963,0.06634629,346.4321,355.6167,353.0291,-0.002180515,-9.892602E-06,-0.002661348,0.001529703,-0.0009848238,-0.004765381,-0.2092218,-0.6796416,-0.047429,354.2054,326.9833,227.3996,0.0002842413,0.001507306,-0.00191591,-0.0007550833,0.002259901,-0.0001180223

,2.392819,-0.1585644,0.2592176,-0.157359,17.03131,342.0606,5.817962,-0.4529237,0.08758759,0.06631154,346.4325,355.6176,353.0293,-0.002454983,-0.0002322359,-0.003095323,0.001464356,-0.0006703357,-0.003749673,-0.2092329,-0.6796218,-0.04745752,354.2021,326.9789,227.3957,-6.0218E-05,0.001830439,-0.002313936,-0.001447832,-0.0003385868,-0.002860461

,2.40349,-0.1529206,0.2600758,-0.161654,18.22723,344.4244,6.792897,-0.4529102,0.08764672,0.06654429,346.441,355.6166,353.0314,-0.002543885,0.0007021852,-0.001381726,-0.0009731299,-0.0004815714,-0.0006145256,-0.209241,-0.6796526,-0.0471656,354.212,326.9828,227.3923,-0.0002857983,0.001983953,0.0001135425,-0.001975847,-0.0002828242,-0.001942069

,2.414402,-0.147416,0.2607018,-0.1659636,19.3578,346.9648,7.988111,-0.4529631,0.08763957,0.06652462,346.4431,355.617,353.0378,-0.003167797,0.000331104,-0.001471926,-0.0001168226,0.0003335572,0.002539943,-0.2092327,-0.6796356,-0.04716522,354.2138,326.9861,227.4016,1.733764E-05,0.001812825,9.4016E-05,-0.00349806,0.00163484,0.003246064

,2.42541,-0.1422067,0.2611681,-0.1700892,20.32384,349.416,9.126016,-0.4530176,0.08763397,0.0665127,346.4473,355.6105,353.0623,-0.00364379,9.165111E-05,-0.001352245,0.0009399917,-0.0001229405,0.01280403,-0.2092401,-0.6796304,-0.04717559,354.2184,326.9801,227.391,-0.0001574583,0.001369366,-0.0001933661,0.001421229,-0.002102951,0.0001649056

,2.436615,-0.1367337,0.2605715,-0.1741969,21.11645,352.0974,10.3953,-0.4529248,0.08764005,0.0665912,346.4492,355.6089,353.0648,-0.003081745,0.0001525712,-0.0009676052,-0.0002605718,-0.00100558,0.01299401,-0.209131,-0.679705,-0.04707062,354.2148,326.9922,227.3904,0.0004518665,0.001701092,0.0005586833,-0.001438931,0.002929761,-0.0005666189

,2.450428,-0.1313046,0.2596005,-0.1782271,21.71562,354.7548,11.66067,-0.4529524,0.08764374,0.06657851,346.4502,355.6094,353.0806,-0.002778201,0.000164146,-0.00108888,-0.0003033753,0.0009468441,0.01573888,-0.2091526,-0.67968,-0.04707897,354.213,326.9879,227.3888,-0.0001712651,0.001804448,0.0002186987,-0.00138003,0.0005516167,-0.001639094

,2.466955,-0.126326,0.2584655,-0.1823084,22.23285,357.3855,12.9969,-0.4530032,0.08762181,0.06656355,346.4482,355.5998,353.1021,-0.003080408,3.212259E-05,-0.0009194029,-0.001879312,-0.001641075,0.01755493,-0.2092627,-0.6796669,-0.04716578,354.2154,326.9862,227.3972,-0.001030277,0.001321427,-0.0004699907,6.750533E-05,0.0001072461,0.0004879408

,2.483246,-0.1167368,0.2548237,-0.1898369,22.69278,2.707244,16.08131,-0.4529622,0.08758116,0.06655949,346.4496,355.5997,353.1141,-0.00234889,-0.0004241809,-0.001010122,-0.0005231512,0.0002527803,0.01705433,-0.2092884,-0.6796275,-0.04717201,354.2111,326.9816,227.3982,-0.00138094,0.001813175,-0.0005095868,-0.001707612,-0.002389585,-0.0004222664

,2.500259,-0.1123843,0.2531793,-0.1940654,22.53179,5.184151,17.6101,-0.4529569,0.08749163,0.06640857,346.4401,355.6028,353.1191,-0.001889815,-0.001138421,-0.002258005,-0.002133588,0.001586515,0.01318554,-0.209595,-0.6795913,-0.04744777,354.211,326.9882,227.4221,-0.002963563,0.001136304,-0.00228958,-0.001088794,0.002586252,0.003405321

,2.515368,-0.1035845,0.2488819,-0.2010952,21.94351,9.736139,20.42712,-0.4530331,0.08736408,0.06640208,346.4455,355.6035,353.1151,-0.002297764,-0.001931966,-0.002004117,0.0007351835,0.001153142,0.00568669,-0.2096776,-0.679556,-0.04750869,354.2047,326.9822,227.4162,-0.003810966,0.001536261,-0.002899174,-0.001831557,-0.000896037,-0.0005561429

,2.534122,-0.09993494,0.2468311,-0.2044496,21.686,11.64842,22.10906,-0.4528103,0.08745146,0.0666284,346.4525,355.6074,353.1076,-0.0003238182,-0.0006100044,-0.0002601012,-0.0001076082,0.0003387355,0.002523214,-0.209271,-0.6796926,-0.04716593,354.2132,326.9897,227.3921,-0.001176276,0.002271558,-5.6664E-05,0.0006119538,5.713579E-05,-0.0004313972

,2.548515,-0.09332263,0.2421211,-0.2105349,20.68701,13.82467,25.09507,-0.4528012,0.08743477,0.06663221,346.4582,355.6119,353.0984,7.328415E-05,-0.0008251687,-9.384086E-05,0.002715444,0.001859759,-0.002233691,-0.2092767,-0.6796499,-0.04716879,354.2099,326.9937,227.3922,-0.0009117316,0.002455401,-0.0001086559,-0.000790836,0.001383287,-0.001333054

,2.566252,-0.09052444,0.2396085,-0.2137522,19.95672,13.95806,25.86623,-0.4527886,0.0874207,0.06665528,346.4536,355.6134,353.0812,0.0004243757,-0.0008958681,0.0002019226,0.0001052605,0.001363191,-0.008951312,-0.2094131,-0.6796054,-0.04724279,354.2141,326.9861,227.3989,-0.001841004,0.00188777,-0.0006805577,0.0001784359,-0.001388485,0.0006367372

,2.579762,-0.08766341,0.2372941,-0.2165842,19.34168,13.84453,26.18425,-0.4527175,0.08738554,0.06667101,346.4566,355.6172,353.0657,0.0009093812,-0.0006935849,0.0001667351,0.00255802,0.001177721,-0.01208967,-0.2094301,-0.6795689,-0.04726177,354.2096,326.9885,227.3964,-0.001579597,0.001999634,-0.0008801624,-0.0006833678,-0.000113165,-0.001181264

,2.594604,-0.08965814,0.2355684,-0.221619,17.39952,14.06803,29.21997,-0.4527169,0.08739579,0.06675887,346.4559,355.6219,353.0553,0.0007990026,-0.0005940733,0.0009843144,0.0006104219,0.002440457,-0.01260471,-0.2094163,-0.6796018,-0.04716855,354.2197,326.9867,227.3962,-0.00180918,0.001853434,-8.898715E-05,0.001586124,-0.002711796,0.001537738

,2.608843,-0.09053826,0.2355675,-0.2239365,16.61385,14.24214,29.91956,-0.452569,0.08744001,0.0667631,346.4496,355.6251,353.0305,0.001608368,1.700174E-05,0.0007616507,-0.0004005395,0.0006154084,-0.01546396,-0.2091941,-0.6795305,-0.04716307,354.2124,326.9898,227.3899,-1.583088E-05,0.003031306,-0.0001443896,7.454843E-05,0.000106129,0.0004796257

,2.623153,-0.09091485,0.2369081,-0.2257401,16.70122,14.27985,29.0911,-0.452544,0.08743477,0.06677276,346.4505,355.6291,353.0222,0.001617999,-0.0001578132,0.0007332621,0.0005210339,0.001116281,-0.01332529,-0.2091342,-0.6795808,-0.0471217,354.211,326.9856,227.393,-8.748871E-05,0.002914768,-0.0001712571,-0.001540069,-0.002999867,0.0009362569

,2.637002,-0.09079683,0.2387521,-0.2274263,17.22938,14.20058,27.57741,-0.4525446,0.08743632,0.06680089,346.447,355.6298,353.0166,0.001286301,0.0002906175,0.0007553322,-0.001801211,0.0006753352,-0.01221921,-0.2091558,-0.6795834,-0.04710913,354.217,326.9901,227.3882,-3.159108E-05,0.002629486,0.0001155289,0.001158038,6.703108E-06,-0.001349775

,2.651013,-0.088238,0.2430074,-0.2291471,18.59874,12.68951,24.4054,-0.4525472,0.08742046,0.06681472,346.452,355.6308,353.0119,0.0006575157,-0.0001950563,0.0008042899,0.00107162,-8.919014E-05,-0.009564192,-0.2091645,-0.6795565,-0.04710934,354.2198,326.9908,227.3879,-0.0003009422,0.002211704,7.236044E-05,0.00245119,0.0001758097,-0.000595559

,2.666141,-0.08747351,0.244936,-0.2298906,19.12423,11.93362,23.48499,-0.4525961,0.08730948,0.06678343,346.4489,355.63,353.0228,-0.000260067,-0.001135474,0.0003337185,0.0004592954,0.001097699,-0.002147831,-0.2094035,-0.6795188,-0.04719162,354.2206,326.9937,227.4009,-0.001350454,0.001295659,-0.0004230718,0.000555052,0.002435323,0.0006501083

,2.679649,-0.08687401,0.2465123,-0.2308347,19.52164,11.2442,22.76684,-0.4525982,0.08729255,0.06678498,346.4538,355.6304,353.0237,-0.0002150707,-0.001199813,0.0002583525,0.002498562,0.001156294,-0.000918076,-0.209434,-0.6794959,-0.04720828,354.2194,326.9876,227.3992,-0.001693679,0.001525384,-0.0007086803,2.267107E-05,-0.0007751992,-0.0007255751

,2.694428,-0.0843879,0.2481692,-0.2330311,19.00127,8.637537,20.97457,-0.4525996,0.08726382,0.06678945,346.4503,355.6247,353.037,-0.0004564021,-0.001273748,0.0001107037,-0.0003903993,-4.764287E-05,0.004855129,-0.2092961,-0.67952,-0.04710394,354.2155,326.9885,227.3964,-0.0009804503,0.002388586,0.000245884,-0.00180875,-0.0008930505,-0.0005681645

,2.705729,-0.08316433,0.2481867,-0.2346768,17.91883,7.082677,20.32937,-0.4525557,0.08723116,0.06679279,346.4535,355.6245,353.0429,-0.000436795,-0.001839393,5.684612E-05,0.001582087,0.0003260973,0.007097424,-0.2093199,-0.6794943,-0.04711121,354.2196,326.9868,227.3968,-0.001397139,0.002232297,-8.672813E-05,0.0008872877,-0.002049893,0.001087661

,2.7165,-0.08177185,0.2478997,-0.2362858,16.69851,5.226458,19.62979,-0.4525685,0.08722222,0.06678814,346.4474,355.6245,353.0532,-0.0005929476,-0.001578441,-3.598344E-05,-0.001704803,0.00133747,0.008808267,-0.2093191,-0.6794678,-0.04710492,354.2189,326.9924,227.3941,-0.0009545434,0.002196925,0.0001076656,0.00120886,0.0008901015,-0.000123409

,2.728515,-0.08014143,0.2477933,-0.238047,15.14181,2.83159,18.81199,-0.4525893,0.08719933,0.06678164,346.447,355.6217,353.062,-0.0009590664,-0.001720531,-0.0001994585,-0.001923118,0.0006416425,0.0101266,-0.209335,-0.6794475,-0.04723433,354.2132,326.9922,227.3958,-0.0008078628,0.002257591,-0.0008540214,0.001633206,0.002331238,-0.001186105

,2.74375,-0.07818747,0.2479675,-0.2395579,13.58262,0.577297,18.35349,-0.4525313,0.0872004,0.06668931,346.4453,355.6208,353.0664,-0.0002769505,-0.001809614,-0.001038718,0.0001754347,0.0003879886,0.01033755,-0.2093554,-0.6794208,-0.04724771,354.2131,326.987,227.4005,-0.001084558,0.002132522,-0.0009045806,0.0007705197,-0.0005578919,0.0009415421

,2.75725,-0.07607365,0.2484497,-0.2409036,12.00795,358.2857,18.08521,-0.4525416,0.08717883,0.06666714,346.4412,355.6179,353.0816,-0.0004440297,-0.001675196,-0.001179441,-0.002212269,0.0002611894,0.01245793,-0.2093689,-0.6793727,-0.04726177,354.2091,326.9899,227.4006,-0.001020817,0.002454787,-0.0009107331,-0.0006323262,0.0007680766,3.972691E-05

,2.771517,-0.07418978,0.2499052,-0.2423119,10.61449,355.828,18.03014,-0.4525303,0.08714747,0.06659818,346.4375,355.6189,353.0813,-0.000283537,-0.001884075,-0.001661626,-0.001649985,0.00102448,0.007789039,-0.2093699,-0.6793629,-0.04739496,354.2085,326.9836,227.4063,-0.001169043,0.002454592,-0.002054157,-0.0004762522,0.0001525961,0.001408288

,2.783928,-0.06968594,0.2538117,-0.2441083,8.466791,351.1559,17.43555,-0.452535,0.08710396,0.06657481,346.4417,355.6176,353.082,-0.0003325646,-0.002379704,-0.001757675,0.0005851446,0.0001417459,0.005971358,-0.2093611,-0.6793436,-0.04741198,354.2057,326.9909,227.4044,-0.0005333073,0.002181237,-0.001853527,-0.0008560366,0.003755265,-0.0002544305

,2.800635,-0.06862652,0.2568318,-0.2455349,7.893286,349.6989,16.49921,-0.4525814,0.08711731,0.06669784,346.45,355.6173,353.0786,-0.0005385118,-0.002844123,-0.0005744897,0.001008323,-0.0001071038,0.001607422,-0.2094381,-0.6794177,-0.04728007,354.2264,326.9839,227.4038,-0.0018551,0.001609478,-0.001008514,0.002772382,-0.001051568,0.002154755

,2.814192,-0.06715965,0.2593294,-0.2468642,7.433203,348.5934,15.23374,-0.4525843,0.08707249,0.06668848,346.4473,355.6223,353.0771,-0.0003967369,-0.002817639,-0.000594089,-0.0007259274,0.001852438,-0.0002273264,-0.2094551,-0.6793548,-0.04729807,354.2145,326.988,227.4016,-0.00157698,0.002534148,-0.001057233,-0.002078676,0.001210746,-0.00207352

,2.828655,-0.06651604,0.2656013,-0.2510329,6.561439,348.3761,12.33771,-0.4526031,0.08702183,0.0666827,346.4505,355.6191,353.0656,-0.0007297114,-0.003340422,-0.0005674441,0.001552774,-0.0009821813,-0.004790056,-0.2094283,-0.6794413,-0.04718271,354.2237,326.9873,227.4017,-0.00191732,0.002256196,-8.113153E-05,8.160438E-05,0.0001074163,0.000499666

,2.842771,-0.06683969,0.2684146,-0.253138,5.880491,348.4441,11.21032,-0.452564,0.08703578,0.06677753,346.4557,355.6251,353.0582,-2.495132E-05,-0.003027485,0.0001068778,0.001928834,0.0007243064,-0.006410831,-0.2094508,-0.6793987,-0.04718119,354.2207,326.9905,227.4085,-0.001702998,0.002432772,-2.488794E-05,-0.00294462,0.001584859,0.002346891

,2.855882,-0.06751168,0.2711897,-0.2547918,5.259506,348.5782,10.1662,-0.4525664,0.08699524,0.06677645,346.4563,355.626,353.0466,-7.98356E-05,-0.003180841,5.949205E-05,0.002124655,-0.0002179704,-0.009458374,-0.2094779,-0.6793689,-0.04718596,354.221,326.9902,227.4032,-0.001912197,0.002459053,-0.0001369147,-0.0006199116,0.0007703726,4.885765E-05

,2.868682,-0.06872392,0.2744645,-0.2566383,4.770628,348.662,9.057108,-0.4525013,0.08702075,0.06677008,346.4557,355.6331,353.042,0.0006167195,-0.002801132,0.0003378391,0.002079304,0.001735601,-0.006715848,-0.2094615,-0.6794289,-0.04726729,354.2176,326.9884,227.402,-0.001783714,0.002340119,-0.0008076934,0.0004567138,0.0006678071,-0.001781958

,2.881345,-0.06962109,0.277293,-0.2585001,4.37293,348.9525,7.767445,-0.4525145,0.0870626,0.06679612,346.4532,355.6344,353.0276,4.646728E-05,-0.001115803,0.001092898,0.00128772,0.0006063838,-0.01088611,-0.2094992,-0.6794165,-0.04727772,354.2279,326.9832,227.4034,-0.00221005,0.001942212,-0.000842671,0.004014824,-0.001763719,0.001692044

,2.892924,-0.07040095,0.2799489,-0.2604868,3.85601,349.2839,6.348278,-0.4525181,0.08712876,0.06675285,346.445,355.6332,353.0227,-0.0001732375,0.0008777897,-0.0003011103,-0.003292391,-0.0005892863,-0.009692694,-0.2093537,-0.6794792,-0.04717943,354.2252,326.9846,227.3938,-0.001226752,0.002202868,-0.0001437337,0.002567732,-0.001322068,-0.0004353871

,2.904783,-0.07141244,0.2826688,-0.2622922,3.409621,349.7993,4.928452,-0.4525045,0.0873276,0.06678647,346.459,355.6314,353.0139,-3.026176E-05,0.00134047,0.0003955284,0.003024866,-0.001356864,-0.009055561,-0.2093632,-0.6794463,-0.04718393,354.225,326.985,227.4092,-0.001144024,0.002390666,-0.000231605,-0.001921324,-0.0003053425,0.005527612

,2.917257,-0.07266235,0.2870873,-0.2657709,2.937123,350.5284,2.993757,-0.4525082,0.08735728,0.06674773,346.4532,355.6314,353.0101,-0.0002025552,0.001610624,-0.0006649655,-0.0003502142,-0.001669491,-0.008057952,-0.2093669,-0.6794211,-0.0471825,354.2218,326.988,227.3976,-0.0008586026,0.002326563,-0.0001065226,-7.774546E-05,0.0007175207,-0.0008715472

,2.92891,-0.07341468,0.2896094,-0.2671328,2.564064,350.619,2.575923,-0.4524981,0.08734596,0.06673867,346.4546,355.6347,353.0136,0.0001032981,0.001399641,-0.0006453095,0.0007467843,0.001476666,-0.004491857,-0.2093168,-0.6794106,-0.04728436,354.218,326.986,227.4027,-0.0004303149,0.002358863,-0.001013084,-0.001164237,0.0008169243,0.0009594513

,2.940135,-0.07316411,0.2914622,-0.2681385,1.890324,350.3812,2.540766,-0.4524672,0.08736098,0.06683916,346.4548,355.6342,353.0168,0.0001365256,0.001020401,0.001234321,0.001448749,0.001282017,-0.001037241,-0.2093188,-0.6794051,-0.04726905,354.224,326.987,227.4026,-0.0003505251,0.001780687,-0.0002972956,0.001421922,0.001155621,0.00246808

,2.951228,-0.07249081,0.2932458,-0.2690572,1.098476,349.9846,2.504685,-0.4524868,0.08738065,0.06684142,346.4521,355.6309,353.0171,-0.0004699026,0.001178876,0.0009324434,8.955957E-05,-0.0006098116,-0.0005393251,-0.2093434,-0.6793598,-0.04728091,354.2179,326.9863,227.401,-0.0008645162,0.002384774,-0.0005311128,-0.0006231249,0.0007663302,4.321246E-05

,2.962946,-0.0723753,0.295849,-0.2699653,0.03763588,349.5275,2.663376,-0.4525009,0.08739448,0.06681347,346.4633,355.6297,353.0241,-0.0007016584,0.0008040242,0.0005197149,0.004104917,-0.0001801873,0.002936456,-0.2093112,-0.6794282,-0.0471724,354.2234,326.9855,227.3963,-0.001050639,0.002426325,-7.057193E-05,3.355862E-05,-0.0007771286,-0.000724777

,2.9731,-0.07139504,0.297951,-0.2708916,358.774,349.288,2.531901,-0.4525633,0.08738482,0.06681269,346.4536,355.6263,353.0297,-0.001233146,0.0008397354,0.0004009928,-0.0004111174,-0.00168726,0.00311731,-0.2093205,-0.6794065,-0.04717186,354.2217,326.9895,227.3942,-0.001081277,0.002529205,-2.671251E-05,-0.0002366839,0.001330711,-0.002239089

,2.984313,-0.07001078,0.2997054,-0.271997,357.6735,349.2192,2.055775,-0.4525728,0.08738863,0.06681103,346.4578,355.6314,353.0397,-0.001059626,0.0006397781,0.0002424155,0.001893164,0.002343205,0.006487381,-0.2093424,-0.6793815,-0.04716557,354.2253,326.9832,227.3965,-0.001269926,0.002418317,0.0002014192,0.0007350481,-0.001440135,-0.0002739825

,2.994987,-0.06955111,0.3024246,-0.2729937,357.1794,349.2851,1.524709,-0.4526026,0.08738327,0.06673563,346.4511,355.623,353.0432,-0.001688916,0.0006695444,-0.0008327733,0.0004424745,-0.0008739935,0.006272072,-0.2092855,-0.6794914,-0.04712534,354.2217,326.9845,227.4012,-0.001160904,0.00237144,0.000464643,-0.002341052,-0.0008453627,0.0003545571

,3.006112,-0.06858599,0.3053237,-0.2739138,357.2279,349.2184,1.252929,-0.452646,0.0873934,0.0667218,346.4489,355.623,353.0581,-0.001897582,0.0007868812,-0.0008986096,-0.0008711301,0.0005114175,0.01022983,-0.2093112,-0.6794807,-0.0471186,354.2271,326.9846,227.4015,-0.001492244,0.001921851,0.0005146908,0.0002451076,-0.0005067166,0.001863174

,3.017212,-0.06748569,0.3086282,-0.2747458,357.5634,349.0023,1.208855,-0.4526631,0.08739364,0.06671953,346.449,355.6214,353.0601,-0.001925773,0.000646992,-0.0007923266,-0.0008060996,0.0001972407,0.00921398,-0.2093163,-0.6794478,-0.04710433,354.221,326.9907,227.3996,-0.001194316,0.00222257,0.0007380468,-0.002019758,0.002094761,-0.0008562247

,3.028637,-0.0662142,0.3119251,-0.2760351,357.7889,348.8174,1.012153,-0.4526719,0.08740091,0.06671792,346.4515,355.6232,353.0605,-0.001478917,0.000666331,-0.0005604876,0.000682486,0.001461358,0.006684249,-0.2094647,-0.6794707,-0.04727438,354.2184,326.9801,227.4105,-0.002704131,0.001844575,-0.001077945,-0.001697977,-0.002392215,-0.0004067266

,3.039846,-0.06455421,0.3151885,-0.2773296,358.075,348.8605,0.523685,-0.4526601,0.08732653,0.06665677,346.4454,355.6259,353.0617,-0.00154376,0.0007017722,-0.001074305,6.109992E-05,0.002980278,0.003942225,-0.2095015,-0.6794566,-0.04728356,354.2208,326.9796,227.4088,-0.002874443,0.001652295,-0.001019521,0.0001362068,-0.002273166,-0.0005686543

,3.050561,-0.06233203,0.3180853,-0.2786956,358.2278,348.9073,359.9296,-0.4526941,0.08732784,0.06663644,346.4476,355.62,353.0688,-0.001940202,0.0007722244,-0.00137717,0.0005894637,0.000137462,0.005972722,-0.2095159,-0.679433,-0.0472905,354.2167,326.9841,227.4127,-0.002351789,0.001739916,-0.0008989074,-0.002459252,0.0006488946,0.0002144339

,3.061919,-0.06007969,0.3216084,-0.2798884,358.2433,348.9019,359.2737,-0.4527389,0.08741832,0.06667185,346.4502,355.6211,353.069,-0.001560186,0.001438188,-0.0009532863,-8.732629E-05,0.001967073,0.004246396,-0.2094116,-0.6794704,-0.04725403,354.2177,326.9821,227.4039,-0.00216122,0.002243121,-0.0007370499,-0.0006722317,-0.00011594,-0.001173251

,3.073242,-0.05770767,0.3249151,-0.2807981,357.9555,348.6473,358.7737,-0.4526812,0.08749163,0.06663871,346.4428,355.6264,353.0648,-0.000749613,0.001561478,-0.001180339,-0.001975639,0.002918671,0.002709611,-0.2094462,-0.6794401,-0.04726592,354.2162,326.9803,227.4086,-0.002411257,0.00236522,-0.0008356192,-0.00234607,-0.0008471787,0.000355758

,3.084431,-0.05479372,0.3282259,-0.2813837,357.4285,348.0484,358.2859,-0.4527117,0.08748889,0.06661659,346.446,355.6164,353.0579,-0.001281447,0.001154215,-0.001401679,-0.000156199,-0.002946445,-0.0009453588,-0.2094733,-0.6794225,-0.04727218,354.2202,326.9783,227.409,-0.00237069,0.002113113,-0.0007282314,-0.000351561,-0.00134055,0.001561049

,3.095816,-0.05207813,0.331854,-0.2821571,356.7643,347.5382,357.4564,-0.4527087,0.08747625,0.0666573,346.4495,355.6212,353.0516,-0.0009641234,0.0007048658,-0.0008603257,0.000436219,-0.0005453559,-0.003883792,-0.2094649,-0.6795691,-0.04715458,354.2189,326.983,227.4105,-0.002823617,0.002159745,-6.823454E-06,-0.003042482,-0.0001817411,-9.058385E-05

,3.106826,-0.04949045,0.3352048,-0.2830786,356.1754,347.4666,356.408,-0.4527763,0.08746481,0.06665003,346.4468,355.6178,353.0573,-0.001498624,0.0007736045,-0.001013158,-0.0009871924,-0.002123181,-0.00236562,-0.2094892,-0.6795615,-0.04715776,354.2236,326.9813,227.409,-0.002853379,0.00196239,-9.277439E-05,-0.0005067466,-0.0007255539,0.0001983837

,3.117748,-0.0469439,0.3386984,-0.2842442,355.57,347.8447,355.2562,-0.4527802,0.08744848,0.06662399,346.4514,355.6244,353.0554,-0.001197604,0.0002691811,-0.001404848,0.001510414,0.0009664727,-0.002043522,-0.2095242,-0.6795434,-0.04715663,354.2249,326.9828,227.4055,-0.002922063,0.001833739,-6.670861E-07,0.001167016,5.89212E-06,-0.001330607

,3.128806,-0.04503977,0.3429158,-0.285351,355.4696,348.4402,354.1893,-0.4527962,0.0874455,0.0666104,346.4499,355.627,353.0453,-0.001220615,8.722023E-05,-0.001333183,0.0008067887,0.001161146,-0.005500438,-0.2093707,-0.6795694,-0.04710293,354.2197,326.9795,227.4024,-0.001929628,0.002374427,0.0001868651,-0.001095643,-0.001558673,-0.0001115985

,3.139975,-0.04352343,0.3471218,-0.2863294,355.9682,349.3018,353.4787,-0.4527749,0.08753169,0.06661558,346.4563,355.6322,353.0334,-0.0004499821,0.0003442318,-0.001208871,0.003349983,0.002298507,-0.007925159,-0.209378,-0.6795377,-0.04709509,354.2185,326.9843,227.4019,-0.001488948,0.002497438,0.0003529986,-0.001315428,0.001431927,-0.0004064209

,3.151545,-0.04229283,0.351588,-0.2871611,357.0848,350.2233,353.1102,-0.4527973,0.08754098,0.06660599,346.4525,355.6284,353.0298,-0.0008468897,0.0005670998,-0.001193116,0.0007864302,-0.0004764561,-0.007231615,-0.209408,-0.6795274,-0.04709932,354.2218,326.9816,227.4032,-0.001777376,0.002012541,0.0001404101,8.748419E-05,0.000106029,0.0004953748

,3.162848,-0.04138291,0.3562729,-0.2880532,358.0349,351.1377,352.434,-0.4528096,0.0875591,0.06659138,346.45,355.6304,353.0325,-0.0005049198,0.0003118282,-0.001548083,-0.001358471,0.001728512,-0.00469931,-0.2093121,-0.679463,-0.04720137,354.2144,326.9726,227.3978,-0.001231103,0.002475262,-0.0008543946,-0.0004481851,-0.003108001,-0.0008877382

,3.173447,-0.04020524,0.3601087,-0.2890183,358.6544,352.0629,351.6217,-0.452769,0.08760405,0.06656623,346.4493,355.6304,353.021,-0.0002125784,0.000286763,-0.001528646,-0.0003306289,-3.647701E-05,-0.006325865,-0.2093179,-0.6794223,-0.04721642,354.2107,326.974,227.3996,-0.001036788,0.002819006,-0.001006746,-0.002392149,-0.001731358,-0.0008735491

,3.184932,-0.03901768,0.363711,-0.2902928,359.0602,353.2647,350.8534,-0.4527824,0.08759737,0.06655127,346.4483,355.6283,353.017,-0.0004680945,3.1134E-05,-0.001603819,-0.0004187721,-0.001360538,-0.007039257,-0.2093199,-0.679412,-0.04721105,354.2117,326.9787,227.3971,-0.0008877863,0.002600141,-0.0006486625,-0.001369027,0.0005455946,-0.001633728

,3.196468,-0.03809333,0.3672676,-0.2920498,359.4204,354.5287,349.8572,-0.452785,0.08761895,0.06656563,346.4485,355.6314,353.0166,-5.997047E-05,-2.378828E-06,-0.001005684,-0.0002413823,0.001285838,-0.005611909,-0.2094293,-0.6793677,-0.04731137,354.2134,326.973,227.404,-0.001453036,0.002326814,-0.001506522,-0.001101773,-0.001563248,-0.0001142218

,3.20723,-0.0369035,0.3708235,-0.2941003,359.9169,355.5172,348.8232,-0.4527287,0.08759665,0.06655174,346.4448,355.6337,353.0233,0.0001304594,5.267576E-05,-0.001287263,-0.001774147,0.00197564,-0.0003382123,-0.2094295,-0.6793467,-0.04732105,354.2137,326.9777,227.3999,-0.001031664,0.002166307,-0.001298743,0.000462462,0.0006630489,-0.001790657

,3.218675,-0.0346601,0.3740832,-0.2959502,0.4422071,355.7266,348.1237,-0.452734,0.08759463,0.0665369,346.4488,355.6326,353.0217,3.733785E-05,1.544998E-05,-0.001310716,0.0003952703,0.001405812,-0.001140207,-0.209451,-0.6793171,-0.04734167,354.2137,326.9776,227.4028,-0.001253832,0.002274633,-0.001426664,-0.000620019,0.0007644056,4.165959E-05

,3.230042,-0.03195953,0.3770807,-0.2979523,0.9944056,355.5585,347.3438,-0.4527541,0.08759916,0.06650341,346.444,355.6262,353.0314,-0.00053631,0.0001783757,-0.001810372,-0.002517902,-0.001435567,0.002903439,-0.2095201,-0.6793994,-0.04716969,354.2167,326.9786,227.4009,-0.002288222,0.002123923,-7.0649E-05,-0.001955687,-0.0002849666,-0.001927862

,3.240844,-0.02881181,0.3796052,-0.3002371,1.48276,354.9884,346.4096,-0.4527423,0.08745253,0.06661105,346.4499,355.6223,353.0379,-0.0009808254,-0.0004821897,-0.001390925,-0.001612819,-0.002573299,0.003319026,-0.2095474,-0.6793855,-0.04716909,354.2224,326.9791,227.4032,-0.002269557,0.001884741,-2.35545E-05,8.908426E-05,0.0001043992,0.0004972193

,3.25177,-0.02557397,0.3820214,-0.3027164,1.94907,354.1938,345.7261,-0.4527607,0.08744776,0.06660229,346.4498,355.6217,353.0493,-0.001183389,-0.0005074865,-0.001300918,-0.001873138,-0.001317013,0.007382454,-0.2095774,-0.6793565,-0.04717386,354.2209,326.9711,227.3989,-0.002362098,0.002011816,-0.0001429178,0.0007997632,-0.003819647,-0.001343801

,3.263048,-0.02199745,0.3844553,-0.3047944,2.639089,353.2567,345.0727,-0.4527677,0.08743787,0.06658977,346.4514,355.6189,353.051,-0.00122577,-0.0005561006,-0.001336103,-0.0007564863,-0.001760731,0.006474212,-0.209452,-0.6793765,-0.04729563,354.2148,326.9763,227.4007,-0.001220012,0.002168669,-0.0009492691,8.34344E-05,0.0001025506,0.00049308

,3.273885,-0.01834893,0.3869256,-0.306694,3.801028,351.8747,344.2591,-0.452729,0.08741927,0.0665763,346.4482,355.6258,353.0533,-0.0008065582,-0.0006181464,-0.001426411,-0.001415709,0.001711765,0.006474182,-0.2094697,-0.6793598,-0.04730871,354.2153,326.9778,227.396,-0.00127544,0.001873645,-0.0009658605,0.001757563,0.0008334799,-0.001035747

,3.285765,-0.01502597,0.3895595,-0.3088926,4.989864,350.5303,343.3736,-0.4527555,0.08740246,0.0665583,346.4518,355.6215,353.0562,-0.001163722,-0.00084756,-0.001461845,0.0006006551,0.0001327394,0.005974669,-0.2094938,-0.6793381,-0.04732203,354.2147,326.9737,227.4018,-0.001557578,0.001846821,-0.001053267,-0.0003480885,-0.001342053,0.001556793

,3.297306,-0.01107895,0.3915517,-0.3105919,6.081466,348.9502,342.4971,-0.4527818,0.08742428,0.06661403,346.4518,355.6257,353.0562,-0.001149902,-0.0006690308,-0.001005735,-0.002179,0.002219336,0.004034393,-0.2094864,-0.6794723,-0.04729947,354.218,326.9768,227.3996,-0.002033111,0.001723034,-0.001280447,0.001917735,0.0002230415,0.0003345252

,3.307698,-0.007801414,0.3932233,-0.3121467,6.894479,347.3494,341.6721,-0.4527454,0.08740234,0.06661117,346.4584,355.6243,353.0522,-0.0008311524,-0.0005874418,-0.000978219,0.002224431,0.0007684286,0.00141341,-0.2095109,-0.6794463,-0.0473105,354.2139,326.9747,227.4016,-0.002047259,0.001823821,-0.001155912,-0.0005080769,-0.0007280057,0.0001927195

,3.319232,-0.005090117,0.3949267,-0.3140191,7.568001,345.9609,340.9973,-0.4527612,0.08740711,0.06658787,346.4495,355.6204,353.0544,-0.0009223722,-0.000324035,-0.00128241,-0.002290485,-0.0007420129,0.00159054,-0.209524,-0.6794189,-0.04732436,354.2116,326.9789,227.4018,-0.001764848,0.001990877,-0.001131974,-0.001319222,0.001430236,-0.0004058799

,3.330338,-0.00183785,0.3958906,-0.3153603,8.32957,344.7755,340.3787,-0.4527762,0.08740163,0.06656766,346.4509,355.6185,353.0559,-0.000973427,-0.0003245722,-0.001406954,-0.001238265,-0.000869372,0.00169745,-0.2093407,-0.6794428,-0.04720369,354.2152,326.9759,227.3928,-0.0007444958,0.00256425,-4.764334E-05,3.933658E-05,-0.0007787102,-0.0007294641

,3.341197,0.000374198,0.3975211,-0.3156945,10.05735,343.3177,339.9325,-0.4527344,0.08750367,0.06661093,346.4557,355.6201,353.0546,-0.0002983976,0.0003341444,-0.001015288,-9.436438E-05,0.0003266001,0.002514426,-0.2093555,-0.6794358,-0.04721037,354.2168,326.9771,227.399,-0.0009976948,0.002182017,-0.0002257145,-0.0009927129,0.0002054806,0.002322554

,3.352827,0.001863241,0.3995143,-0.3153706,12.17734,341.7437,339.621,-0.4527302,0.08751059,0.06659931,346.4527,355.623,353.0505,-0.0001060046,0.0004889399,-0.001122464,-0.001915351,0.0009632397,-3.360184E-05,-0.209366,-0.679413,-0.04721192,354.2153,326.9792,227.3952,-0.0009808925,0.00213665,-0.0002206075,-0.0006115538,0.0007672404,3.927015E-05

,3.363635,0.003656507,0.4009336,-0.3146183,14.24554,340.1899,339.3637,-0.4527297,0.08751357,0.06666327,346.4594,355.6209,353.0453,-0.0001669366,0.0004095788,-0.0005291086,0.0003888125,-0.0002351214,-0.002865941,-0.2094415,-0.6794785,-0.04717195,354.2207,326.9733,227.396,-0.001891977,0.001720703,-0.0001076073,0.00085224,-0.00293536,-0.0001272451

,3.374595,0.004396319,0.4025121,-0.3136534,15.97961,338.7541,339.5006,-0.4527745,0.08748984,0.06665796,346.4588,355.6248,353.0475,-0.0005560709,-7.245237E-05,-0.0004718913,0.0004751523,0.001090116,-0.00215022,-0.2094582,-0.6794394,-0.04717427,354.216,326.9725,227.3979,-0.001770975,0.00222104,-0.0001451635,-0.001683362,-0.002391048,-0.0004165043

,3.385862,0.004871964,0.4036193,-0.3128305,16.9861,337.5833,339.8956,-0.4527849,0.08747327,0.06665546,346.4612,355.623,353.0472,-0.000676267,-0.0004410948,-0.0003810665,0.001374433,-4.719969E-05,-0.001740962,-0.2094675,-0.6794211,-0.0471788,354.2192,326.9765,227.4004,-0.001489834,0.002053298,-0.0002639872,-0.0004497873,0.0001564395,0.001410302

,3.397052,0.005898118,0.4029803,-0.3120047,17.07865,336.831,340.7546,-0.4527822,0.08744001,0.06664634,346.4621,355.6232,353.0379,-0.0006877087,-0.0005375855,-0.0003777057,0.001722675,1.929621E-05,-0.005090123,-0.2093973,-0.679448,-0.04726866,354.2093,326.9779,227.4035,-0.0009440233,0.002423088,-0.001114204,-0.003150593,0.001311974,-0.0002466068

,3.408288,0.00669241,0.4025782,-0.3111586,16.79756,336.0756,341.341,-0.4527473,0.08751249,0.06663072,346.4504,355.6219,353.0237,-0.0003861076,0.0003769968,-0.0004681284,-0.002533936,-0.002745254,-0.008978897,-0.2094188,-0.6794304,-0.04728407,354.2133,326.9794,227.3992,-0.001133695,0.002208284,-0.001117463,-0.0001835135,0.002212335,-0.001020931

,3.419972,0.007010102,0.4026779,-0.3101007,16.59351,335.388,341.5489,-0.4527136,0.0874927,0.06660366,346.4581,355.6341,353.0044,0.0004411755,-0.0001370048,-0.001063492,0.001649026,0.000665887,-0.0142333,-0.2094376,-0.6793901,-0.0473066,354.2091,326.9772,227.3978,-0.001248236,0.002506867,-0.001343689,-0.0008254608,0.0004969353,-0.002544032

,3.43159,0.00758779,0.4026046,-0.3092688,16.69099,334.7708,341.665,-0.4527144,0.08747828,0.06662786,346.4591,355.6248,353.0145,-0.0001042817,-0.000110724,-0.001206203,0.0005590108,-0.002814498,-0.007641337,-0.2093123,-0.6794735,-0.04729894,354.2115,326.9728,227.3985,-0.0008870531,0.002302593,-0.001496658,0.0001961699,-0.001390949,0.0006371625

,3.442479,0.00782299,0.4029886,-0.3086756,17.02255,334.2442,341.5655,-0.4526323,0.08745241,0.06662756,346.4524,355.63,353.0227,8.400423E-05,-7.246305E-05,-0.001233453,-0.001849453,0.0006495207,-0.001048955,-0.2093281,-0.6794542,-0.04731938,354.2144,326.9727,227.3984,-0.001059372,0.002058238,-0.001588798,0.001489127,-0.001221651,0.001391687

,3.454233,0.007791042,0.403928,-0.3078619,18.01952,333.6896,341.4353,-0.4526296,0.08742213,0.06661546,346.4606,355.6339,353.014,4.749223E-05,-0.0009504054,-0.001150798,0.002861348,0.00121589,-0.004273616,-0.2093287,-0.6793982,-0.04734316,354.2051,326.9769,227.3981,-0.0007010492,0.002908687,-0.001696606,-0.002609037,0.001261064,-0.001167128

,3.465972,0.007903576,0.4043953,-0.3078239,19.26972,333.2173,341.3489,-0.4526861,0.0872494,0.0667426,346.4624,355.6348,353.015,-0.001027016,-0.001209408,-0.0001233382,0.000979472,0.002167193,-0.005796889,-0.2095734,-0.679442,-0.04726273,354.2133,326.9724,227.4041,-0.002979828,0.002372703,-0.0009199574,-0.002435425,-0.002608285,-0.002078194

,3.477248,0.007935286,0.404881,-0.3084729,20.3918,333.2076,341.0588,-0.4527194,0.08723474,0.06673062,346.4621,355.6292,353.0247,-0.001634702,-0.001164971,-0.0004283577,4.047739E-05,-0.0003029883,0.0004916454,-0.2095865,-0.6794249,-0.04726556,354.2139,326.9804,227.41,-0.002408966,0.002095759,-0.0007104896,-0.003095984,0.002198867,0.0009821702

,3.488981,0.007357836,0.4058579,-0.3092434,21.30185,333.5889,340.9382,-0.4527371,0.08720338,0.06671697,346.4642,355.626,353.0462,-0.001600275,-0.001603374,-0.0006862523,0.0002003804,0.0003744359,0.01034625,-0.2096169,-0.6794122,-0.04727772,354.2195,326.9781,227.4051,-0.002349853,0.001750511,-0.0007686189,0.0006823564,0.0009413626,0.0008063532

,3.500602,0.007686138,0.4063135,-0.3106506,21.97026,333.9216,341.0523,-0.4527836,0.08723581,0.06678563,346.4695,355.6162,353.0664,-0.00174934,-0.001406603,-7.335331E-05,0.0006890493,-0.000521021,0.01512273,-0.2093562,-0.6795033,-0.04713839,354.2163,326.9783,227.3904,-0.0006629853,0.002129106,0.0001946038,-0.0001127681,-0.0001610743,-0.002093024

,3.511929,0.00716269,0.4074384,-0.3123357,22.69465,334.1179,341.7339,-0.4526834,0.08737886,0.06674451,346.4663,355.6143,353.061,-0.0009231074,-0.0005420266,-0.0002546068,0.0007940407,-0.00278412,0.01135286,-0.2093568,-0.6795,-0.04713088,354.2201,326.9799,227.3965,-0.0004442377,0.00151706,0.0003402416,0.0001482016,0.000992167,0.001713535

,3.523568,0.006746173,0.4082774,-0.3139101,23.48523,334.1378,342.0201,-0.4526809,0.08738363,0.06673622,346.4618,355.6204,353.0433,-0.0006410058,-0.0002275347,-0.0004080934,-0.00109811,-0.001500457,-0.0003359764,-0.2093254,-0.6795446,-0.04710197,354.2179,326.981,227.3944,-0.0001507905,0.001462861,0.0004812932,-0.0006021023,0.0007731798,4.157746E-05

,3.535186,0.00750339,0.4083688,-0.3154508,24.18651,334.0266,342.1712,-0.452652,0.087363,0.06670719,346.4604,355.6278,353.0375,4.863599E-05,-0.000660033,-0.0004282963,-0.0005762695,0.001215497,-0.002258741,-0.2093443,-0.6795143,-0.04710844,354.214,326.9789,227.3887,-0.0006305532,0.001759381,0.000174064,-0.000161852,-0.001043151,-0.003314059

,3.547431,0.008195162,0.4085594,-0.3169741,24.55657,333.3589,342.0798,-0.4526616,0.08737087,0.06668532,346.4591,355.6233,353.049,-0.0002185429,-0.0002985793,-0.0008909715,-0.001361431,-0.0002448235,0.003727637,-0.2093409,-0.6795026,-0.04710063,354.2179,326.981,227.3921,-0.0003326182,0.001510841,0.0002975704,0.0006404492,5.951938E-05,-0.000423712

,3.558123,0.009204388,0.4085149,-0.3182739,24.27288,331.9655,341.6159,-0.4526598,0.08734727,0.06666213,346.4586,355.6219,353.055,-8.588332E-05,-0.0007885527,-0.001219646,-0.001426642,6.907638E-05,0.004743528,-0.2093345,-0.6794883,-0.04708788,354.2167,326.9824,227.3942,-6.461099E-05,0.001461843,0.0005426495,-0.0006020902,0.000773189,4.157983E-05

,3.569679,0.01133144,0.4078847,-0.3193129,23.80607,330.241,341.0873,-0.4526749,0.08739841,0.06669635,346.4629,355.6228,353.0529,-6.361484E-05,-0.000340461,-0.0008303419,0.0001288418,0.001018812,0.00119953,-0.209437,-0.6794487,-0.04709649,354.2176,326.9786,227.3995,-0.000976096,0.001628487,0.0005909388,-0.001735349,-9.42463E-06,0.0006576898

,3.580858,0.01283717,0.4082056,-0.3201078,24.02824,328.5906,340.8501,-0.4526737,0.08739948,0.06668895,346.4585,355.6257,353.0481,-8.999182E-07,-0.0002121558,-0.0007808133,-0.001692187,0.001655728,-0.001348395,-0.2094493,-0.6794382,-0.0470928,354.2205,326.9764,227.3944,-0.001022562,0.00142423,0.0005037526,0.000749825,-0.001436602,-0.0002728345

,3.591622,0.01415658,0.4090654,-0.3204774,24.88784,326.866,340.6316,-0.4526633,0.08738971,0.06668401,346.4619,355.6281,353.0343,0.0002742927,-0.000391697,-0.0007109913,0.0008262831,0.001155228,-0.005500447,-0.2095915,-0.6793858,-0.04719141,354.2191,326.9762,227.4059,-0.001675943,0.001280401,-0.0001264134,-0.001037694,-0.0006725547,0.001114966

,3.603282,0.01490223,0.4094317,-0.3203948,25.48245,325.6078,340.5819,-0.4526464,0.08731616,0.06672019,346.4617,355.6234,353.0405,-5.982561E-07,-0.0003215217,-0.0004073158,0.0003891068,-0.0002374006,-0.002861219,-0.2095963,-0.6793863,-0.04718459,354.2185,326.9767,227.3971,-0.001458473,0.0009902254,6.695074E-05,0.001127204,-0.0008748706,-0.002549728

,3.614176,0.0144347,0.4099358,-0.3203674,25.73573,325.2216,340.7353,-0.4526491,0.08730567,0.06672877,346.4599,355.6254,353.0361,-2.975502E-05,-0.0004889527,-5.918153E-05,-0.0004448011,0.0005861323,-0.00428632,-0.209615,-0.6793894,-0.04719031,354.2185,326.9737,227.4006,-0.001568248,0.0005628892,-0.0001559694,0.0001546049,-0.002269001,-0.0005699116

,3.625478,0.01483774,0.4095968,-0.3199189,25.53468,325.5032,340.8698,-0.452639,0.08729792,0.06671923,346.4611,355.6326,353.0183,0.0002973461,-0.0004579454,-0.0003423961,0.0004057038,0.001732698,-0.01128851,-0.209325,-0.6794857,-0.0471139,354.2108,326.9763,227.3903,0.0005285857,0.0011166,0.0004312721,-0.001837091,-0.00177425,-0.001786302

,3.636657,0.01445448,0.4095556,-0.3196672,25.03151,325.7436,340.9363,-0.4525625,0.08741271,0.06676537,346.4587,355.6341,353.0114,0.000729289,0.0004931756,0.0002097043,-0.00108159,0.0004693607,-0.008764897,-0.209314,-0.6794854,-0.04711843,354.2189,326.9762,227.3941,0.0006444371,0.000770587,0.0001644246,0.000959515,-0.001165528,0.002309469

,3.647694,0.01541197,0.4086874,-0.3193868,24.3593,326.0584,341.0401,-0.4525503,0.08739281,0.06679064,346.4664,355.64,353.0092,0.0008419809,-0.0001743523,0.0007653021,0.002251615,0.002733763,-0.007016872,-0.209306,-0.6794747,-0.04710779,354.2173,326.976,227.3905,0.0006148881,0.0008469954,0.000367451,0.0007489746,-0.00143596,-0.0002773797

,3.658624,0.01596296,0.4083201,-0.3190985,23.54918,326.294,341.2564,-0.4525429,0.08737004,0.06676555,346.4684,355.6351,353.0065,0.0006386865,-0.0005598064,0.0001488417,0.002995887,0.0005846958,-0.006305127,-0.2092917,-0.6794707,-0.04709923,354.2173,326.9766,227.3898,0.0007277166,0.0006863507,0.00043582,0.0007489561,-0.001435967,-0.0002773959

,3.670383,0.01683164,0.4079674,-0.3188618,22.61834,326.4088,341.525,-0.4525733,0.08734179,0.06674325,346.4608,355.6357,353.008,0.0001453234,-0.0006826303,-0.0004799221,-0.0003808325,0.0002738716,-0.005304762,-0.2092844,-0.6794864,-0.04712954,354.211,326.9822,227.3965,0.0008504285,0.0009264806,0.0002063821,-0.003138989,0.001318739,-0.0002449922

,3.681127,0.0181936,0.4074044,-0.3185335,21.78635,326.6056,341.727,-0.4525948,0.08733714,0.06674135,346.4622,355.6299,353.0169,-0.0004736295,-0.0006386238,-0.0004520844,-4.919845E-05,-0.001628265,-0.0002275431,-0.2092829,-0.6794914,-0.04714131,354.2139,326.9747,227.3927,0.0007386857,0.0006862732,-0.0001184572,-0.001135901,-0.0024362,-0.001331654

,3.692516,0.01957071,0.4073615,-0.3179366,21.11307,327.1023,341.8659,-0.4525769,0.08731496,0.06675887,346.4652,355.6375,353.0142,0.0001887605,-0.0009973443,-6.558372E-05,0.0005659687,0.002411234,-0.001436073,-0.2092105,-0.6795653,-0.04714394,354.2166,326.9795,227.3916,0.001183178,0.0005342357,-0.000190771,0.001179496,1.122757E-05,-0.001336977

,3.703623,0.02032316,0.4075477,-0.317292,20.57479,327.7159,341.8439,-0.4525632,0.08732498,0.06675178,346.4641,355.6316,353.023,-0.00015352,-0.0007147537,-0.0002041908,0.0007424199,-0.0004997356,0.003941989,-0.2091974,-0.6795474,-0.04714912,354.2136,326.9758,227.3954,0.001180745,0.0008169584,-0.0002624754,-0.001086267,-0.001552028,-0.0001116341

,3.714667,0.02104819,0.4077764,-0.3165402,20.12373,328.5547,341.7399,-0.4525442,0.08731198,0.06674689,346.4608,355.6381,353.0235,0.0004092966,-0.0008699702,-0.0002906596,-0.0009013769,0.002785994,0.002821635,-0.2091688,-0.6795441,-0.04715681,354.2159,326.976,227.3948,0.00156012,0.0006522128,-0.0004160031,0.0002067208,-0.001382807,0.000642835

,3.725819,0.02173948,0.4080129,-0.316086,19.64324,329.7879,341.7185,-0.4525422,0.08727741,0.0667029,346.4576,355.6275,353.0307,0.0002558308,-0.001172213,-0.0008290478,-0.001582319,-0.0009407852,0.005046655,-0.2091335,-0.679582,-0.04725611,354.2112,326.9763,227.3949,0.001726195,0.0002556094,-0.001085765,0.001173611,9.08827E-06,-0.001335558

,3.737699,0.02201462,0.4080424,-0.3158608,18.88485,331.0729,341.7656,-0.4525175,0.08734345,0.0666607,346.4605,355.6286,353.0335,0.0003651453,-0.0009904207,-0.001115139,0.0004549351,-0.0008810047,0.006272602,-0.2091225,-0.6795686,-0.04726851,354.211,326.9731,227.3967,0.001469667,0.000471346,-0.00107475,0.0007420134,-0.001435472,-0.0002717871

,3.748384,0.02278471,0.4081733,-0.3159082,18.20218,332.3955,341.7907,-0.4525017,0.08734596,0.06664902,346.4558,355.6305,353.0394,0.0006399691,-0.0006466763,-0.001065364,-0.001560993,0.0006986836,0.006772518,-0.2091008,-0.6795534,-0.0472877,354.2124,326.9716,227.3949,0.001535319,0.0006804371,-0.001255351,0.001984595,-0.002149214,-0.0007368492

,3.759781,0.02364588,0.4086152,-0.3159294,17.85837,333.3854,341.7229,-0.4524622,0.08727324,0.06658143,346.4514,355.6273,353.0445,0.000553701,-0.0008951272,-0.001689379,-0.001719582,-0.000311167,0.007074725,-0.2090939,-0.6795028,-0.04741707,354.2055,326.9752,227.4033,0.001818868,0.001132011,-0.002053047,8.391785E-05,0.0001111205,0.0004975718

,3.770403,0.02437544,0.4093651,-0.3161981,17.72127,334.1624,341.5506,-0.4525105,0.08729684,0.06654412,346.4497,355.6301,353.0576,0.0003807929,-0.001026265,-0.001698332,-0.001763505,0.001643409,0.009822141,-0.2091466,-0.6795329,-0.04743904,354.2087,326.9774,227.409,0.001432578,0.001131122,-0.002222592,-0.0005662423,0.001656638,0.001272175

,3.782283,0.02523351,0.4102149,-0.3167176,17.54293,334.6928,341.3285,-0.4525008,0.08726656,0.06653315,346.4542,355.6342,353.0479,0.0006708609,-0.001593895,-0.001437097,0.001408494,0.003229439,0.001714953,-0.2091389,-0.6795217,-0.04746646,354.2101,326.9773,227.4013,0.001208054,0.001029721,-0.002222626,0.002300176,0.0007906061,-0.001941268

,3.793316,0.0259403,0.4106201,-0.317362,17.05388,334.991,340.9809,-0.452497,0.08725595,0.06650561,346.4522,355.6342,353.0542,0.0005891587,-0.001407642,-0.001731918,7.305113E-05,0.002975172,0.00394228,-0.209288,-0.6795176,-0.04743168,354.2124,326.9756,227.4051,-0.0003579928,0.001106861,-0.001811094,-0.0001716471,-0.001040689,-0.003293666

,3.805039,0.02665985,0.41038,-0.3181383,16.09501,334.9178,340.5159,-0.4525859,0.08726203,0.06657892,346.454,355.6296,353.0623,-0.0002378873,-0.001154452,-0.0008808767,-0.0002298364,0.0009557814,0.004551883,-0.2092865,-0.6794878,-0.04745466,354.2088,326.9781,227.4069,-0.0002381005,0.001625825,-0.001881332,-0.002115858,0.0003355861,-0.003279594

,3.815116,0.02701795,0.4096527,-0.3189734,15.04482,334.8463,340.3599,-0.4525838,0.08723831,0.06657344,346.4557,355.6262,353.0543,-0.000108187,-0.001455917,-0.0007487082,0.0009950363,-0.001751737,-0.0001182454,-0.2092929,-0.6794826,-0.04747608,354.2118,326.971,227.4088,-0.000261915,0.001339398,-0.001850408,-0.001144084,-0.002434654,-0.00131368

,3.826892,0.027125,0.4090146,-0.3198613,14.49155,334.9308,340.4368,-0.4525715,0.08722699,0.06656039,346.4519,355.6299,353.0483,0.0002589028,-0.001337651,-0.0008496657,-0.0006735174,-0.0001053432,-0.002968427,-0.2093568,-0.6796774,-0.04720354,354.2328,326.9747,227.4085,-0.001595212,0.0004107942,0.0001847557,0.001567222,-0.00358322,0.0003516475

,3.837953,0.02709663,0.4085054,-0.3205082,14.37726,334.9904,340.6642,-0.4526724,0.08721375,0.06676531,346.4676,355.6287,353.0488,-0.0007817204,-0.001763535,0.0009028541,0.002624407,-0.001113115,-0.00467295,-0.2093586,-0.6796559,-0.0471985,354.2285,326.9823,227.4124,-0.001326683,0.0008545514,0.000289282,-0.001138785,0.0008337556,0.0009877116

,3.848502,0.02669549,0.4079479,-0.3211189,14.42802,334.9109,340.8464,-0.4526818,0.08719659,0.06677389,346.4662,355.6293,353.0515,-0.0007792524,-0.001731637,0.0008641402,0.001376787,-4.42798E-05,-0.001731933,-0.2093655,-0.6796459,-0.04719126,354.2259,326.9826,227.4168,-0.001027419,0.0008130002,0.0004080451,-0.002922761,0.001597421,0.002369202

,3.859715,0.02621126,0.4071814,-0.3221794,14.28187,334.6234,340.9285,-0.4526801,0.08719122,0.06679308,346.4597,355.6291,353.045,-0.0005780908,-0.001372586,0.001089571,-0.00180271,-0.00130009,-0.00378184,-0.209296,-0.6796888,-0.04723588,354.2231,326.9829,227.4109,-0.0004028582,0.0005024134,6.166197E-05,-1.011183E-05,0.001615208,0.0003720406

,3.870479,0.02563822,0.4062957,-0.322858,14.00264,334.3492,341.0919,-0.4526268,0.0873028,0.06674606,346.4571,355.6366,353.0414,0.0004706661,-0.001275485,0.0008247111,-0.000426587,0.00222981,-0.002555549,-0.2093152,-0.6796805,-0.04724646,354.2238,326.9773,227.4088,-0.0007937063,0.0005353521,-0.000241077,0.0007513381,-0.001425847,-0.0002491731

,3.882115,0.02515173,0.4051228,-0.323549,13.74636,333.9193,341.4705,-0.4526374,0.0872879,0.06674618,346.4519,355.6353,353.0315,8.754623E-05,-0.001243295,0.0005615347,-0.002423839,0.0002188671,-0.006530345,-0.2093143,-0.6796693,-0.04724628,354.2212,326.9814,227.409,-0.0005557089,0.0006518617,-0.0001903437,-6.034406E-05,0.0007322282,-0.0008476176

,3.893387,0.02463639,0.4039825,-0.3244602,13.6104,333.4718,342.0253,-0.4526396,0.08725727,0.06675178,346.4554,355.6379,353.0255,1.168156E-05,-0.001620942,0.0005362452,-0.0001012838,0.0006598178,-0.00763505,-0.2093245,-0.6796585,-0.04724497,354.2211,326.9813,227.4135,-0.0006260225,0.0007390426,-9.972549E-05,-0.001142724,0.0008332819,0.0009847749

,3.904535,0.02424359,0.4028447,-0.325249,13.56249,333.0926,342.53,-0.4526938,0.08728027,0.06677073,346.455,355.6378,353.0263,-0.0003165108,-0.001966661,0.0005839954,-0.0003846879,0.0002781633,-0.005300052,-0.2093236,-0.6797968,-0.04711002,354.2274,326.9774,227.4067,-0.00149564,0.0005043895,0.0006146293,0.0001664151,-0.002254772,-0.0005515215

,3.915684,0.02375627,0.4017091,-0.3261391,13.2321,332.8704,342.9509,-0.4526989,0.0872606,0.0667612,346.4585,355.6342,353.0294,-0.0004161195,-0.00208203,0.0001843737,0.001283409,-0.001368995,-0.002450045,-0.2093278,-0.6798025,-0.04711229,354.2265,326.978,227.4074,-0.001368733,0.0001375676,0.0003610821,0.0001664117,-0.002254782,-0.0005514787

,3.926805,0.02285171,0.4005946,-0.3272586,12.62324,332.6162,343.2483,-0.4527117,0.0872376,0.06676292,346.4569,355.6322,353.0375,-0.0006327982,-0.002055593,0.0001684695,-0.0001819147,-0.0009952894,0.001809132,-0.209343,-0.6798102,-0.04718441,354.2237,326.9698,227.4066,-0.001793576,6.515794E-05,-0.0003830853,0.0009241628,-0.005297374,-0.001173374

,3.937972,0.0223273,0.3994416,-0.3278229,11.96521,332.3553,343.4429,-0.4527534,0.08728611,0.0666635,346.4478,355.6341,353.0385,-0.0007212055,-0.002054842,-0.0002498019,-0.001153958,0.0004560201,0.002414079,-0.2093452,-0.6797978,-0.04717928,354.2196,326.9766,227.4078,-0.001342512,0.0003855354,-0.0001517997,-0.001240366,-0.0009306685,-0.001454027

,3.949164,0.0220834,0.3984625,-0.3281531,11.56439,332.1782,343.6194,-0.452764,0.08726013,0.06665456,346.45,355.634,353.0345,-0.0008336663,-0.002043552,-0.0003748746,2.823348E-05,-0.0002998884,0.0004891575,-0.2093511,-0.6797975,-0.04717565,354.2158,326.9797,227.4026,-0.001066202,0.0003346378,-4.264329E-05,-0.001561014,0.0002940337,-0.004188297

,3.960289,0.02168155,0.3979874,-0.3282695,11.47237,332.0827,343.8055,-0.4527571,0.08722436,0.06668991,346.455,355.6357,353.0315,-0.0009047298,-0.002185449,-0.0001429551,0.001301434,0.0002677975,-0.0007216246,-0.2093693,-0.6798002,-0.04716793,354.2176,326.9797,227.4126,-0.001191926,0.0001741399,0.0001958834,-0.002974086,0.0007162472,0.001147064

,3.97144,0.02165246,0.3982152,-0.3280023,11.7896,332.0493,343.8108,-0.45276,0.08731604,0.06664109,346.4428,355.6409,353.0406,-0.0002377725,-0.001498207,-0.0004663556,-0.003235267,0.002351793,0.003928141,-0.2093496,-0.6797968,-0.04719996,354.2193,326.987,227.4093,-0.0005627934,0.0003175093,-0.0001044613,-0.0001192628,0.003112359,0.0002248398

,3.982415,0.02180648,0.3988458,-0.3274387,12.1105,331.9494,343.6314,-0.4527769,0.0872848,0.06663817,346.4505,355.6303,353.0443,-0.0005973392,-0.001753848,-0.0004264074,0.0004256855,-0.002512652,0.004549184,-0.2093534,-0.679782,-0.04720548,354.2126,326.9847,227.4075,-0.0004483769,0.0005535986,-0.0002193019,-0.002054079,0.001227291,-0.00205254

,3.993722,0.02229893,0.3993423,-0.3268426,12.13318,331.9547,343.4468,-0.452782,0.08729076,0.06669843,346.4553,355.6333,353.0471,-0.0003178372,-0.001875867,0.0001939287,0.0008240928,0.0008277281,0.004659291,-0.2091523,-0.6797115,-0.04717696,354.2139,326.979,227.3991,0.001111219,0.001016937,-4.331363E-05,0.0002130573,-0.001375906,0.000655002

,4.004825,0.02280354,0.3998646,-0.3260545,11.78793,332.2951,343.193,-0.452711,0.08749712,0.06662285,346.447,355.6407,353.0373,0.00085875,-0.0004858014,-0.0004071829,-0.001000999,0.001467749,0.002102897,-0.2091408,-0.6797103,-0.04718387,354.2209,326.9756,227.3992,0.001098557,0.0006848542,-0.0002109604,0.002908851,-0.002532542,0.002311342

,4.016148,0.02312601,0.4004394,-0.3250704,11.29744,332.6931,342.8646,-0.4526926,0.08748507,0.06662291,346.4503,355.6381,353.0412,0.001090736,-0.0007164663,-0.0002643086,0.0008853194,0.0005167024,0.00363467,-0.2091094,-0.6796743,-0.04717052,354.2149,326.9809,227.3997,0.001529485,0.001379448,0.0002034367,0.000103317,0.0001193845,0.0005074623

,4.027063,0.02359366,0.4011987,-0.3236512,10.72847,333.1578,342.3614,-0.4526811,0.08747923,0.06662488,346.4485,355.6387,353.0432,0.001018259,-0.000673415,-0.0001262292,-0.0001668767,0.00064435,0.003527963,-0.2091969,-0.6797501,-0.04722998,354.2195,326.9819,227.4076,0.0006081976,0.000456203,-0.0001900519,0.001983327,0.001121772,0.001572663

,4.038322,0.02391136,0.4020284,-0.3218539,10.28916,333.5679,341.7648,-0.4527159,0.08745551,0.06662428,346.4501,355.64,353.0565,0.0007337147,-0.0005747022,-0.000166673,0.0008416194,0.002469967,0.006384207,-0.2092023,-0.6797386,-0.0472306,354.2187,326.9755,227.4103,0.0002760043,0.0006063675,-0.0001457623,0.0003690672,-0.001987695,0.002029694

,4.049624,0.02433014,0.4025626,-0.3199311,9.753453,334.0359,341.2171,-0.4521661,0.08755529,0.06668591,346.4501,355.4213,353.1043,0.01532816,0.002543515,0.00144444,-0.0004116773,-0.09814198,0.02624923,-0.2091907,-0.6797217,-0.04723024,354.216,326.9764,227.409,0.0005326868,0.0008443029,-7.323749E-05,-0.0004927088,-0.0007126433,0.0002114812

,4.060724,0.02463651,0.4030973,-0.3178827,9.029963,334.595,340.7177,-0.4520739,0.08749163,0.06649405,346.4618,355.2084,353.0521,0.01391566,6.740247E-07,-0.003170918,0.01015586,-0.1634825,-0.00646023,-0.2091641,-0.6796972,-0.04726636,354.2173,326.9817,227.4067,0.001047965,0.0003512342,-0.0002655031,0.0018219,0.001734014,0.000204359

,4.071689,0.0248847,0.4030905,-0.3156489,8.13521,335.2654,340.2936,-0.4517679,0.0876087,0.06646305,346.4282,355.0622,352.9775,0.02158806,0.000416487,-0.002270713,-0.002988125,-0.21208,-0.04033605,-0.2091591,-0.6796848,-0.04727083,354.2139,326.9769,227.4095,0.0008755358,0.0005492709,-0.0002920791,-0.0004938327,-0.0007125997,0.0002103974

,4.083207,0.02501667,0.4031954,-0.3131781,7.374747,335.9068,339.9171,-0.4514356,0.08762443,0.06641817,346.4353,354.8039,352.9383,0.02399229,0.0008097828,-0.002706615,0.003049728,-0.272724,-0.04461515,-0.2091392,-0.6796914,-0.04726604,354.2146,326.9786,227.4041,0.001275454,0.0001766344,-6.839876E-05,0.001721308,-3.218666E-05,-0.002234751

,4.094264,0.02519417,0.4034956,-0.3103969,6.889051,336.5027,339.4973,-0.4507886,0.08780813,0.06659323,346.4472,354.4957,352.8967,0.03360675,0.002809813,0.0002671744,0.00587471,-0.3434582,-0.05050226,-0.2091777,-0.6797091,-0.04718828,354.2183,326.98,227.4094,0.0007711173,0.0002019541,0.0005894518,-0.0005993154,0.0007833423,6.571026E-05

,4.106086,0.0254885,0.4039353,-0.3074498,6.757804,337.0276,339.0452,-0.4504694,0.08751762,0.06664997,346.4395,353.9494,353.0123,0.03345471,0.003552401,-0.0003079781,-0.003403944,-0.4791346,0.009821794,-0.2091877,-0.6797136,-0.04718119,354.2199,326.9758,227.4118,0.0002230253,1.288583E-05,0.0005989481,-0.0003289663,-0.001324165,0.001580454

,4.116654,0.02581871,0.4044672,-0.3046071,6.728329,337.5865,338.6245,-0.4500986,0.08748257,0.06664306,346.4407,353.4825,353.0133,0.03333772,0.001331628,-0.0002300672,-0.00185381,-0.5442505,0.003261377,-0.2091881,-0.6797079,-0.04718062,354.2188,326.9744,227.4102,5.30835E-05,0.000191436,0.0003820032,-0.0003792073,-0.002207197,0.0003608413

,4.127874,0.02631259,0.4053409,-0.3020301,6.931898,338.2386,338.3047,-0.4496787,0.08757687,0.06676108,346.4429,353.218,352.7825,0.03449428,-0.0006923517,0.0006160002,0.006964421,-0.5289631,-0.1037483,-0.2091957,-0.6797179,-0.04713193,354.2252,326.973,227.4066,-6.989109E-05,6.63634E-05,0.0006381866,0.001458366,-0.002088959,0.0001996493

,4.138844,0.02702427,0.4061967,-0.2997405,7.153924,338.8384,338.044,-0.4491805,0.08754206,0.06683582,346.4508,353.0632,352.4393,0.03453365,0.006136708,-0.0006260945,0.02594812,-0.4779521,-0.2252653,-0.2091924,-0.6797227,-0.04712346,354.2242,326.9728,227.4062,4.424986E-05,-6.712786E-05,0.0006469731,0.0007568611,-0.001426112,-0.0002513242

,4.150159,0.02795529,0.4072725,-0.2977477,7.447077,339.3545,337.7324,-0.448372,0.08753204,0.06691283,346.428,353.2704,351.6121,0.04361459,0.003526656,0.001328494,0.04929552,-0.3347003,-0.5048435,-0.2091957,-0.6797136,-0.04711545,354.2214,326.9721,227.4108,-0.0001117133,0.0001711715,0.0006368634,-0.001618592,-0.001494688,0.0008264778

,4.161306,0.02914763,0.4084882,-0.2959286,7.829268,339.6178,337.3745,-0.4476599,0.08753526,0.06708986,346.4168,353.551,350.8405,0.05601071,0.001838594,0.003680229,0.07069158,-0.2109048,-0.7651746,-0.209251,-0.6797208,-0.04712188,354.2177,326.978,227.4095,-0.0003004306,0.0001834699,0.0003785685,-0.002640685,0.0003950379,-0.002356194

,4.172669,0.03054583,0.4098587,-0.2941626,8.271493,339.7441,336.8643,-0.4464377,0.08707297,0.0673008,346.4031,353.6478,349.9827,0.06903519,-0.0001076808,0.004333903,0.08526491,-0.1909938,-0.9233816,-0.2092625,-0.6797222,-0.04711297,354.2211,326.9767,227.4119,-0.0004987182,0.0001383292,0.0005088431,-0.001187422,-4.762102E-05,-0.0002345875

,4.183689,0.03212416,0.4116091,-0.2927081,8.936535,339.6996,336.1059,-0.4451374,0.08712399,0.06712717,346.3881,353.4698,349.2638,0.08419081,0.001560793,-0.002452566,0.08868873,-0.2995281,-0.9566067,-0.2092817,-0.6797248,-0.04711133,354.2207,326.974,227.4121,-0.0008732285,3.000318E-05,0.0003774118,-0.001077279,-0.001542882,-8.706543E-05

,4.194942,0.03398561,0.4132651,-0.2915818,9.630119,339.6343,335.3698,-0.4439149,0.08707428,0.06682837,346.3881,352.7922,348.8892,0.09527135,0.0004100763,-0.01338382,0.0849909,-0.5662261,-0.8462908,-0.2091156,-0.6797172,-0.04701722,354.2125,326.9783,227.4038,0.0004689549,0.0007140196,0.001202245,-0.003229031,-0.0004362729,-0.002666204

,4.206264,0.03557944,0.4148617,-0.2905931,10.34857,339.4729,334.7585,-0.4420329,0.08690882,0.06633633,346.3559,352.0313,348.513,0.1066186,0.002051046,-0.0259773,0.06971136,-0.7852573,-0.7451813,-0.209101,-0.6797303,-0.04699335,354.2159,326.982,227.4035,0.0007998293,0.0002453906,0.001502864,-0.00145448,0.002060901,-0.001755801

,4.217277,0.03725898,0.4160144,-0.2900717,10.8549,339.2032,334.3381,-0.440556,0.08667457,0.06531954,346.338,350.6408,348.4165,0.1152639,-0.004974744,-0.04390763,0.05262652,-1.178724,-0.5643542,-0.2091027,-0.6797341,-0.04697701,354.2185,326.98,227.4078,0.000523959,5.96496E-05,0.001445482,-0.001133974,0.0008362627,0.0009785008

,4.228705,0.0387789,0.4172993,-0.2893964,11.42715,338.7608,333.8697,-0.4390837,0.08675158,0.06380719,346.3237,348.944,348.4541,0.1209755,-0.002098036,-0.0687572,0.0329284,-1.577007,-0.3789008,-0.2092736,-0.6797339,-0.04706392,354.2199,326.9794,227.414,-0.0004004407,-0.0003577124,0.0006976491,-0.0005965443,0.000786675,7.015243E-05

,4.239852,0.04033077,0.4188186,-0.288882,12.09467,337.9845,333.1898,-0.4384034,0.08599651,0.06288749,346.3396,348.6674,347.7358,0.104603,-9.426573E-05,-0.08568786,0.1058186,-1.454051,-0.6476728,-0.2092918,-0.679741,-0.04706481,354.2201,326.9764,227.4184,-0.0007510992,-0.0004998439,0.0004769146,-0.001568804,-0.0006074671,0.002050105

,4.250915,0.04200447,0.420104,-0.2886411,12.85281,337.0968,332.4325,-0.4371758,0.08605981,0.06151724,346.2914,347.9566,346.9034,0.103367,0.003327736,-0.09914567,0.126067,-1.423502,-0.8198236,-0.2092996,-0.6797463,-0.04706499,354.2213,326.9748,227.4107,-0.0008472123,-0.0004800114,0.00032802,0.0007062474,-0.002304922,-0.001467064

,4.262268,0.04329836,0.4212013,-0.2883017,13.71996,336.051,331.833,-0.436011,0.0862211,0.059784,346.2665,347.0516,346.5518,0.1036803,-4.29305E-06,-0.1083876,0.1177771,-1.46418,-0.7051708,-0.2091178,-0.6797358,-0.04713663,354.2129,326.985,227.4034,0.001097326,0.0001507792,-0.0004136086,0.0002634769,0.003673844,-0.002066316

,4.273185,0.04440963,0.421746,-0.2882487,14.55492,335.1451,331.6585,-0.4347701,0.08610809,0.05822033,346.304,345.6919,346.8408,0.09529248,0.01554383,-0.1212759,0.08360166,-1.585733,-0.3863787,-0.2091162,-0.6797465,-0.04715157,354.2129,326.9799,227.405,0.000855937,-0.0001833919,-0.0006402102,-5.786259E-05,0.0007339666,-0.0008548746

,4.285005,0.04518068,0.4219229,-0.2889295,15.20265,334.6067,331.7359,-0.4361199,0.08690286,0.05581474,346.7455,344.3408,347.9604,0.03023858,0.03272203,-0.1467673,0.1559092,-1.571981,0.2147643,-0.2091309,-0.6797589,-0.04716837,354.2151,326.9709,227.4005,0.0001181386,-0.0004942845,-0.0009084928,0.002055694,-0.004516086,-0.001793303

,4.29598,0.04549885,0.421302,-0.2899145,15.21513,334.1982,331.8774,-0.436415,0.08849561,0.05359626,347.2294,343.6886,348.2967,0.01576632,0.05276683,-0.1600976,0.2774953,-1.358664,0.3617559,-0.2090734,-0.6798207,-0.04723909,354.2142,326.9747,227.4047,0.0005309835,-0.0006104109,-0.001368682,0.001342712,-0.0005929695,4.670442E-05

,4.306991,0.0457623,0.4205625,-0.2907038,14.82994,333.6201,331.9715,-0.4353784,0.08914375,0.05153692,348.0663,343.0962,348.7809,0.02506385,0.08232413,-0.1755151,0.4861024,-1.191271,0.5557685,-0.2090836,-0.679808,-0.0472649,354.2097,326.9757,227.4039,8.896546E-05,-8.775649E-05,-0.001640325,-0.00065166,-9.96181E-05,-0.001158865

,4.318017,0.04577386,0.4196219,-0.2917476,14.33611,332.9012,331.9893,-0.435921,0.09079254,0.04990876,348.7269,342.2895,349.196,0.01149867,0.1042205,-0.1884106,0.6242908,-1.247099,0.7311664,-0.2090875,-0.6798033,-0.04728159,354.2069,326.973,227.4056,-6.020413E-05,9.094099E-05,-0.001765774,-0.002376039,-0.001713656,-0.0008495019

,4.329404,0.04532576,0.4190427,-0.2920112,14.39421,332.3233,332.0129,-0.4361882,0.09181666,0.04760343,350.2086,341.1077,349.9645,-0.0001902415,0.1332912,-0.2011266,0.9726121,-1.345635,1.038079,-0.2091498,-0.6799208,-0.04718482,354.2186,326.9781,227.404,-0.0008928175,-0.0006434093,-0.0007671979,0.0006464824,7.283845E-05,-0.0003995264

,4.340261,0.04509664,0.4188154,-0.2920271,14.71927,331.8374,332.0104,-0.436882,0.09342337,0.04482794,351.5145,339.7685,351.0914,-0.01973406,0.1380833,-0.2105137,1.073212,-1.459977,1.399219,-0.209149,-0.6799186,-0.04719239,354.2137,326.9823,227.4013,-0.0005805106,-0.0003717905,-0.0007191335,-0.0009166783,0.002010897,-0.002668673

,4.351536,0.04472697,0.4185681,-0.2921518,15.11781,331.5701,332.0928,-0.437165,0.09503865,0.04236233,352.8821,338.1005,352.8508,-0.02159542,0.1400362,-0.2084674,1.060396,-1.658586,1.93246,-0.2091613,-0.6799337,-0.04720414,354.2165,326.9797,227.4009,-0.0006909719,-0.0006066806,-0.0007886196,0.0004862513,0.0006851154,-0.001766693

,4.362973,0.04413581,0.4182105,-0.2920709,15.33531,331.4747,332.2238,-0.440011,0.09609544,0.04042494,354.2761,336.2304,354.7438,-0.04893814,0.1352285,-0.2050613,0.987748,-1.891523,2.346531,-0.2091857,-0.6799484,-0.04733893,354.2086,326.9755,227.4069,-0.001101054,-0.0004515605,-0.001855021,-0.001244556,-0.0009301981,-0.001456201

,4.373815,0.04358244,0.4180481,-0.2918783,15.13232,331.3969,332.4049,-0.4402106,0.09778929,0.03814542,355.3231,334.7979,355.9109,-0.04426631,0.1378824,-0.2020087,0.8992099,-1.923257,2.331105,-0.2092023,-0.6799749,-0.04736322,354.214,326.97,227.4082,-0.001255156,-0.001024142,-0.001978431,0.001019938,-0.003530847,0.001264305

,4.3851,0.04345036,0.4177382,-0.2913005,14.64598,331.427,332.5156,-0.4404503,0.09912384,0.03725666,356.4163,333.6789,356.7013,-0.04461278,0.1361743,-0.1822763,0.9215448,-1.812866,2.17382,-0.209178,-0.6799771,-0.04737088,354.2085,326.9883,227.4097,-0.0002181757,-0.0007001447,-0.001560713,-0.002175157,0.005984729,8.866798E-05

,4.396104,0.04362631,0.417406,-0.2910004,14.18712,331.4258,332.5136,-0.4420769,0.09856451,0.03634566,357.5276,333.5927,356.8618,-0.0418096,0.09725189,-0.1605687,1.039284,-1.321152,1.787027,-0.2089509,-0.6800753,-0.04713115,354.2133,326.982,227.3914,0.0005553669,-0.0001714659,0.0001795626,-0.0006905653,-0.0009759434,-0.002380794

,4.407575,0.04407334,0.4170341,-0.2905911,13.61928,331.4108,332.4431,-0.4412897,0.09848487,0.03527528,358.1035,333.4109,357.5005,-0.01827551,0.08373792,-0.1618326,0.9288013,-1.104709,1.799865,-0.2089597,-0.6800808,-0.04713988,354.2176,326.9804,227.3952,0.000176141,-0.0002903727,-0.0001109208,0.0002215877,-0.001368516,0.000656902

,4.418714,0.04476821,0.4166664,-0.2899424,13.19604,331.2015,332.4333,-0.4413798,0.09949589,0.03351068,358.6908,332.4948,0.8399144,-0.01707264,0.09378296,-0.1679724,0.1886552,-1.082835,2.744057,-0.2089425,-0.6800822,-0.04713947,354.2114,326.9871,227.3915,0.0005351524,-0.000282286,-7.570418E-05,-0.0009099592,0.002014627,-0.002675646

,4.429726,0.04576957,0.4166611,-0.2893671,13.03504,330.8925,332.4498,-0.4424779,0.1005436,0.0312236,359.3813,331.5253,6.119699,-0.04383746,0.1008205,-0.1765317,-0.7349627,-1.105996,4.215609,-0.2089231,-0.6800886,-0.04712895,354.2156,326.9823,227.3902,0.0001692425,-4.88569E-05,-0.0001702693,6.319671E-05,-0.0007561803,-0.0007116745

,4.440929,0.04680777,0.4168874,-0.2891015,13.10379,330.7789,332.3414,-0.4415329,0.1029737,0.02946556,359.0976,331.1031,10.84483,-0.02085316,0.1552023,-0.1783077,-1.686956,-0.8825148,4.802248,-0.20891,-0.6800891,-0.04713616,354.2156,326.9841,227.3947,0.0005091099,-1.818374E-05,-0.0002963658,-0.001128751,0.0008403711,0.0009733764

,4.452302,0.04760635,0.4171103,-0.2889891,13.05294,330.7461,332.2224,-0.4402105,0.1085379,0.02740568,357.5115,331.0443,13.92699,0.02574741,0.257543,-0.1815251,-2.546676,-0.507393,4.28404,-0.2089158,-0.6800836,-0.0471468,354.2112,326.9814,227.393,0.0002262327,0.0002292115,-0.0004985721,-0.002472336,-0.0002116634,-0.00100077

,4.463401,0.04834855,0.417628,-0.2893404,12.90074,330.8511,332.6422,-0.4378514,0.1153424,0.0251025,355.5978,331.2592,16.02971,0.07662324,0.3447826,-0.1801377,-2.983092,-0.1536717,3.412209,-0.2089134,-0.6801192,-0.04707131,354.2224,326.9841,227.3906,0.0001463689,-6.747942E-05,0.0001340518,0.00125134,0.0009091682,-0.0001023922

,4.47432,0.04907179,0.4173,-0.289764,12.69321,330.7729,332.7364,-0.4334267,0.1216898,0.02457339,352.7973,331.8834,14.17297,0.1630265,0.4649214,-0.1617093,-3.130529,0.1920968,1.270778,-0.208922,-0.6801268,-0.04706916,354.2255,326.9814,227.3971,-0.0001502138,-0.0003559795,0.0001542002,0.001030599,-0.0002653204,0.003547937

,4.485442,0.04968083,0.4162866,-0.2905394,12.08311,330.5867,333.0381,-0.4294373,0.1295229,0.02291965,349.8664,332.2607,12.6136,0.2150991,0.5417579,-0.1601094,-3.046981,0.2932015,-0.4753637,-0.2089136,-0.6801034,-0.04706341,354.2184,326.9848,227.3957,0.0001449969,0.0003589493,0.0002808624,-0.001825433,0.001504117,0.0005247557

,4.496639,0.05043089,0.4152094,-0.2914391,11.60463,330.197,333.8269,-0.4204274,0.1421093,0.01972854,345.2774,333.2322,5.207341,0.3393238,0.6863533,-0.1914882,-2.400123,0.04443178,-4.266397,-0.20892,-0.6801504,-0.0471037,354.216,326.9778,227.3963,-0.0001463579,-1.386241E-05,-0.0001313355,-0.001658344,-0.002369833,-0.0003987224

,4.507954,0.05111814,0.414465,-0.292157,11.64312,329.6982,334.4219,-0.4141877,0.150689,0.01674658,341.9122,333.8031,0.6844874,0.3769305,0.7230554,-0.2128544,-2.131577,-0.2459538,-5.511528,-0.2089056,-0.6801568,-0.04709351,354.2162,326.984,227.4046,0.000275022,-0.0001577782,0.0001799492,-0.003450905,0.001655402,0.003274853

,4.518839,0.05153584,0.4139992,-0.2927707,11.93734,329.0739,334.7504,-0.4084702,0.1596792,0.01255488,338.4635,334.1074,356.1054,0.4084392,0.7499598,-0.2563714,-1.951526,-0.7368522,-6.467787,-0.2089036,-0.680169,-0.04709384,354.2143,326.9832,227.3973,0.0002702783,-0.0004359104,0.0001667768,-0.001877865,0.0006207515,-0.000693472

,4.530719,0.05142343,0.4137187,-0.2931442,12.14342,328.7226,334.7861,-0.4000795,0.169645,0.008146018,334.8208,334.9355,351.1471,0.4652452,0.7654219,-0.2913675,-1.930464,-1.005905,-7.016454,-0.2088587,-0.6801099,-0.04709268,354.2081,326.9892,227.3955,0.0007577848,0.0001319737,0.0003836354,-0.00338975,0.003440962,-0.001744951

,4.541135,0.05057418,0.4137366,-0.293537,12.40571,328.7399,334.5872,-0.3922611,0.1775717,0.00387454,331.0483,336.1319,346.963,0.510292,0.7599211,-0.320535,-2.201941,-1.053287,-7.123875,-0.2088729,-0.6801142,-0.04709601,354.2146,326.9819,227.3934,0.0001685365,3.910129E-05,0.0001928121,6.658773E-05,-0.0007571193,-0.000710084

,4.552588,0.04938495,0.4138389,-0.2940537,12.60016,328.9065,334.4808,-0.3882383,0.1832678,0.0003903806,328.5826,336.7693,345.6203,0.5311815,0.743494,-0.3501043,-2.620275,-0.8986934,-6.542536,-0.2088618,-0.6801146,-0.04710093,354.2136,326.9852,227.3905,0.0003853185,-1.279324E-05,-5.755958E-06,0.000498047,0.0006875332,-0.001773742

,4.563607,0.04829013,0.4136293,-0.2948859,12.6411,329.0079,334.5092,-0.381269,0.1910235,-0.005996078,325.2976,337.6094,344.2922,0.5353659,0.7056551,-0.3856904,-3.033578,-0.5832776,-5.39116,-0.2089052,-0.6800927,-0.04707536,354.2195,326.9866,227.3911,0.0003005578,0.0003981027,3.358334E-05,0.0005019662,0.0006902646,-0.001769548

,4.575272,0.04711914,0.4132638,-0.2960177,12.5572,328.9486,334.6698,-0.3757734,0.1976954,-0.01092485,322.3544,338.5457,343.0631,0.513149,0.6650957,-0.3929191,-3.207572,-0.3306354,-4.606668,-0.2088948,-0.6801058,-0.04706842,354.2214,326.985,227.3944,0.0005270655,-6.565067E-05,0.0002309072,0.0001211386,0.0001283035,0.0005137546

,4.586195,0.04650748,0.4123452,-0.2973402,12.20602,328.833,335.0331,-0.369965,0.2014154,-0.01582554,319.7004,339.4351,342.4569,0.4862646,0.5803185,-0.391131,-3.293491,-0.009971143,-3.680525,-0.2088821,-0.6800917,-0.04705924,354.2175,326.985,227.3953,0.000695213,0.0002206725,0.0004022966,-0.001171935,-4.092156E-05,-0.000240587

,4.597208,0.04591811,0.411501,-0.2988071,11.82365,328.7234,335.3235,-0.3662275,0.2053881,-0.01954776,317.4553,339.8062,342.0403,0.4384046,0.5015607,-0.3708016,-3.200699,0.02920071,-2.993467,-0.2089138,-0.6800936,-0.04700309,354.2156,326.9926,227.3977,0.0002698544,0.0006071448,0.0008516453,-0.003223307,0.002833025,-0.000371687

,4.608519,0.04540598,0.4105159,-0.3003279,11.30627,328.5396,335.5807,-0.3613828,0.208545,-0.02327654,315.4273,340.0641,341.3377,0.4153327,0.4447255,-0.3582408,-3.011394,-0.07326265,-2.552502,-0.2089348,-0.6800936,-0.04700005,354.2241,326.9835,227.4015,-0.0003396316,0.000467019,0.0006747619,-0.0001472859,-0.001926882,0.002945872

,4.619348,0.04505908,0.4095175,-0.3018167,10.82513,328.2867,335.8082,-0.3586123,0.2108303,-0.02667582,314.8433,339.4875,341.6685,0.3712827,0.3657822,-0.3461432,-2.406085,-0.2068956,-1.825884,-0.2089264,-0.6800958,-0.0469856,354.2238,326.9856,227.3902,-0.000110812,0.0002421652,0.0007929464,0.003149714,-0.001347317,-0.001331947

,4.630899,0.04461479,0.408725,-0.3030611,10.50124,328.0606,335.9955,-0.3568,0.2111238,-0.02977195,315.3807,338.937,341.8485,0.3188382,0.2722199,-0.3143251,-1.455886,-0.3476015,-1.144283,-0.2088387,-0.6800929,-0.04697606,354.2114,326.9905,227.3916,0.00061733,0.001133081,0.0008716754,-0.001492562,0.00118583,-0.002975243

,4.642513,0.0441407,0.408192,-0.3040146,10.38335,327.8032,336.1758,-0.3552326,0.209801,-0.03033262,316.2544,338.8597,341.3735,0.279977,0.1805179,-0.2619335,-0.6477874,-0.4705223,-0.8542662,-0.2088449,-0.6801161,-0.04696286,354.2216,326.9901,227.3889,0.00034075,0.0002800995,0.001063398,0.0036293,0.0009799193,-0.001177851

,4.652744,0.04367936,0.4078459,-0.3048596,10.45538,327.5479,336.2748,-0.3530626,0.2095364,-0.03205588,316.7511,338.8251,340.772,0.2468204,0.1109032,-0.2202599,-0.1078378,-0.5349277,-0.6740884,-0.2088232,-0.6800879,-0.04693615,354.213,326.9948,227.3919,0.0009169628,0.0009304403,0.001506757,-0.001551612,0.003564095,-0.001902861

,4.66457,0.0431459,0.4077605,-0.305554,10.66324,327.4242,336.2632,-0.3524358,0.208113,-0.03318864,317.6222,338.7063,340.3785,0.2017035,0.05101039,-0.1812845,0.3959804,-0.5430087,-0.4339271,-0.2089397,-0.6800729,-0.04702431,354.2142,326.9951,227.3986,0.0003469053,0.0001640084,0.0009435621,-0.0002631771,0.003732208,-0.001142334

,4.675141,0.04259515,0.4075798,-0.3063818,10.66579,327.4041,336.2433,-0.3506451,0.2074658,-0.03430688,318.4566,338.4417,340.4783,0.1772507,0.0246734,-0.1548124,0.6467063,-0.4644295,-0.1157287,-0.2089442,-0.6800534,-0.04701805,354.2122,326.9951,227.4048,0.0001244736,0.0006365528,0.0008252279,-0.002477953,0.003051815,0.00130312

,4.68639,0.04240751,0.4072942,-0.3071119,10.46909,327.3448,336.2468,-0.3504297,0.2065634,-0.03472361,319.6023,337.3619,342.5723,0.1240094,-0.002522002,-0.1232886,0.6796572,-0.1836084,0.7859985,-0.2089605,-0.6800495,-0.04702276,354.214,326.9852,227.406,-0.0003215885,0.0005409847,0.0004431385,-0.001446974,-0.002096973,0.00219655

,4.697907,0.04236114,0.4070234,-0.3079449,10.28477,327.1945,336.2516,-0.3514251,0.2056991,-0.03590477,320.8285,335.8264,346.0667,0.05676309,-0.0249963,-0.1153611,0.5115283,0.2084883,1.882405,-0.2091874,-0.6799875,-0.0470424,354.2187,326.9885,227.4115,-0.001510803,0.0001894546,0.0006639368,-0.001015765,-0.0006509852,0.001143058

,4.709002,0.04242682,0.4069164,-0.3087145,9.998538,326.9417,336.306,-0.352495,0.2038497,-0.03686333,322.2859,334.6074,349.6479,-0.0007507104,-0.05605328,-0.1097219,0.4359966,0.6143053,2.749476,-0.2092121,-0.6799954,-0.04702696,354.218,326.986,227.4102,-0.001669174,-2.629619E-05,0.0008640734,-0.001066233,-0.001534018,-7.657536E-05

,4.72014,0.0427326,0.4065707,-0.3092738,9.59516,326.6119,336.4118,-0.3537295,0.2023798,-0.03704661,323.4903,334.107,352.111,-0.04623234,-0.08764619,-0.09396878,0.4390676,1.009264,3.379052,-0.2092233,-0.6799861,-0.04702398,354.2151,326.9916,227.4073,-0.001630766,0.0002553345,0.0007284532,-0.002038491,0.00123637,-0.002042086

,4.731031,0.04309464,0.4062412,-0.3098664,9.24105,326.3412,336.5046,-0.3546009,0.2009255,-0.03784591,324.7958,333.1963,355.5491,-0.06796442,-0.1056779,-0.08395074,0.2728036,1.225632,3.780756,-0.2091738,-0.6799906,-0.04704487,354.2189,326.9875,227.4062,-0.000994239,-0.0002247722,0.0004989246,0.0008176251,-0.0005336322,0.0009763814

,4.742279,0.04299366,0.4059931,-0.3105175,8.85309,326.3234,336.6239,-0.35649,0.1990746,-0.03911135,325.5636,331.6192,0.1361322,-0.1041036,-0.1162849,-0.09416681,-0.3091172,1.375806,4.330046,-0.2091719,-0.6799759,-0.04703796,354.2083,326.991,227.4091,-0.0006807222,0.0002934004,0.0005041377,-0.004414296,0.00116654,-0.0009683713

,4.753663,0.04307318,0.4053762,-0.3112004,8.251847,326.5541,336.7628,-0.3584268,0.1977334,-0.0418871,325.8949,329.7603,4.737844,-0.1223616,-0.1131227,-0.1329087,-0.9722162,1.326754,4.591919,-0.2091776,-0.6799875,-0.04704317,354.2089,326.9925,227.41,-0.0005514387,2.736356E-05,0.0001950907,-0.003822743,0.0019989,-0.0006650889

,4.764508,0.04305243,0.4049103,-0.3118085,7.650018,326.8738,336.8849,-0.3586909,0.1979812,-0.04527149,325.5667,327.8443,9.028851,-0.1075143,-0.08931327,-0.1778893,-1.661892,1.169386,4.473714,-0.2091579,-0.679957,-0.04714668,354.2074,326.9842,227.4083,-0.0004390941,-0.0003552158,-0.0007360866,-0.001072547,-0.001538394,-8.44882E-05

,4.775754,0.04271388,0.4046547,-0.3124013,7.255636,327.2955,337.0264,-0.3593919,0.1973535,-0.04798555,325.2303,326.2189,12.45236,-0.0947279,-0.07307517,-0.199838,-2.028837,0.9787278,4.102438,-0.2091634,-0.6799656,-0.04715472,354.2101,326.9865,227.4061,-0.0004078808,-0.0004729684,-0.000677905,0.0006517369,7.566899E-05,-0.0003942648

,4.787097,0.04255676,0.404377,-0.313127,6.94419,327.6664,337.2279,-0.3586271,0.1978364,-0.05238721,323.7945,324.9079,13.55051,-0.04662602,-0.04278366,-0.2285902,-2.187763,0.4481455,2.847305,-0.209177,-0.6799604,-0.04717803,354.2047,326.9854,227.4082,-0.00064149,-0.0001857199,-0.001093917,-0.002475531,-0.0002126932,-0.0009865037

,4.798242,0.04240441,0.4042197,-0.3137834,6.665568,328.0209,337.4983,-0.3544244,0.2007285,-0.05447534,322.067,325.0354,10.7445,0.04354417,0.007208924,-0.2277252,-1.785211,-0.3782229,0.8580455,-0.2091252,-0.6800002,-0.04721144,354.2074,326.9875,227.4035,-0.0002242944,-0.0004392435,-0.001497189,0.001081768,0.001518373,-0.001459614

,4.809165,0.04230523,0.4038348,-0.3143927,6.349526,328.334,337.791,-0.3517575,0.2017367,-0.05673867,320.5202,325.2932,8.177248,0.09692767,0.03142164,-0.2178111,-1.313977,-0.8584238,-0.5956859,-0.2091399,-0.6799949,-0.04724061,354.2047,326.9849,227.4079,-0.0005838993,-0.0001106572,-0.001838655,-0.001183683,-4.482893E-05,-0.0002336271

,4.820587,0.04216409,0.4033576,-0.3150373,5.992759,328.8068,338.0686,-0.3471284,0.2034683,-0.05898574,318.5675,327.3095,3.749861,0.1995876,0.06321543,-0.1957669,-0.8046547,-0.9940835,-2.285555,-0.2091476,-0.6800019,-0.04725617,354.205,326.9862,227.4114,-0.0006065518,-0.0002333866,-0.00166441,-0.001674258,0.0008892535,0.001902056

,4.831676,0.0420078,0.4028112,-0.3160286,5.545413,329.4062,338.2776,-0.3411546,0.2065874,-0.06169063,317.032,327.8327,2.269659,0.2583606,0.08882295,-0.1962974,-0.8554798,-0.9115173,-2.381321,-0.2090284,-0.6800133,-0.04720622,354.2019,326.9832,227.4039,-8.046545E-05,0.0001384621,-0.001069926,-0.003013011,-0.0001650191,-7.772959E-05

,4.842726,0.04205644,0.4023931,-0.3169508,5.29159,329.767,338.4698,-0.3380075,0.2073458,-0.06394365,315.8431,328.0672,1.323024,0.2677011,0.08453106,-0.1930985,-0.8795646,-0.8245878,-2.235061,-0.2090341,-0.6800221,-0.04721969,354.2024,326.9816,227.4,-0.000206724,-0.0001207568,-0.001085737,-0.001229355,-0.0009295953,-0.001459152

,4.854189,0.04220259,0.4023374,-0.3177128,5.394361,329.7325,338.6282,-0.3343893,0.2079184,-0.06584528,314.8793,328.6598,0.7872596,0.2849949,0.06845709,-0.1793201,-0.9036478,-0.4748772,-1.945357,-0.2090385,-0.6800228,-0.0472402,354.2037,326.9799,227.3993,-0.0002833487,-5.515092E-05,-0.001290912,-0.0005279821,-0.001592527,-0.001008132

,4.865137,0.04239082,0.4025064,-0.3182803,5.767342,329.5086,338.7621,-0.3282692,0.2088294,-0.06701738,314.0221,330.3203,359.2392,0.3318503,0.05192834,-0.1515696,-0.7222016,-0.05865136,-1.92228,-0.2088922,-0.6800672,-0.04727393,354.1982,326.9832,227.3991,0.0009048097,9.943919E-05,-0.00154982,-0.002581976,0.001278654,-0.001146783

,4.876471,0.04226053,0.4025437,-0.3187603,6.310346,329.3284,339.0205,-0.3245208,0.2082483,-0.0671609,313.6282,331.9084,357.5041,0.362038,0.0283161,-0.1224188,-0.4595983,0.1343276,-2.090551,-0.2089001,-0.6800863,-0.04729217,354.2063,326.9767,227.4017,0.0005105249,-0.0004156264,-0.001714549,0.0003834729,-0.001985368,0.002024751

,4.887448,0.04174721,0.4023376,-0.319319,6.897348,329.2905,339.3962,-0.3178283,0.2066624,-0.06521744,313.4651,335.4007,353.2552,0.4293238,-0.02516497,-0.03181185,0.2369857,0.3142378,-2.713382,-0.2088991,-0.680091,-0.04730862,354.2006,326.9757,227.3998,0.0003109754,-0.0004320969,-0.001644181,-0.001661433,-0.002374907,-0.000400207

,4.898795,0.04103708,0.4018354,-0.3198847,7.372682,329.4579,339.8631,-0.3113887,0.2045194,-0.06312042,313.5806,338.8434,349.0889,0.471124,-0.07734917,0.04342945,0.7845324,0.4493856,-3.104685,-0.209048,-0.6800791,-0.047371,354.2001,326.9832,227.4014,-0.0001509194,-0.0007325511,-0.001683544,-0.0009604805,0.001126822,-0.003886226

,4.910192,0.04027534,0.4012327,-0.3206801,7.669549,329.8292,340.3618,-0.3046432,0.2013158,-0.06075644,313.8805,341.9837,345.5053,0.4945513,-0.1238695,0.09627552,1.102976,0.5840545,-3.199841,-0.2090524,-0.6800882,-0.04739383,354.2002,326.9854,227.4004,-0.0002053451,-0.0007193158,-0.001774901,-0.000368867,0.001959204,-0.003582975

,4.92177,0.03975356,0.4006348,-0.3215166,7.79553,330.0864,340.6653,-0.2985008,0.1975865,-0.05680016,315.1655,345.2149,341.9534,0.506321,-0.185208,0.1642894,1.652168,0.747744,-3.152396,-0.2090558,-0.6801063,-0.04742444,354.2032,326.9833,227.4042,-0.0001725879,-0.0009823928,-0.002023207,-4.837738E-05,0.0007351707,-0.0008484033

,4.932713,0.03929079,0.4001777,-0.3222834,7.956383,330.1726,340.8468,-0.2925992,0.1930609,-0.05277002,317.6204,348.1889,338.0556,0.5074492,-0.2423716,0.2217619,2.565693,0.687022,-3.167593,-0.2090509,-0.6801404,-0.04726437,354.2049,326.9823,227.4036,-0.0004642528,-0.0006620795,-0.000415701,-0.0030563,-0.001045323,-0.00129238

,4.943529,0.0390135,0.4000607,-0.32316,8.158459,330.3019,340.9851,-0.2866796,0.1881864,-0.04872039,320.4304,350.637,334.3036,0.5072613,-0.2830314,0.2641578,3.301131,0.5095134,-3.207596,-0.2090554,-0.6801788,-0.04726905,354.2118,326.9812,227.4057,-0.000459892,-0.001410548,-0.0004206507,-0.0003098453,-0.001318617,0.001583435

,4.954945,0.03872931,0.3999995,-0.3241785,8.318397,330.5545,341.177,-0.2836421,0.1844925,-0.04556596,322.7755,351.5657,332.9075,0.4803304,-0.3309227,0.291651,3.769705,0.4676152,-2.847478,-0.2090062,-0.6802477,-0.04721415,354.21,326.9869,227.4016,-9.812612E-05,-0.001527495,5.775505E-05,-0.001168948,-4.075567E-05,-0.000234917

,4.966511,0.03820443,0.4004494,-0.3252345,8.48488,330.909,341.7742,-0.2805493,0.1804394,-0.04354107,324.5986,352.4139,333.1514,0.4187926,-0.3298446,0.249759,3.395404,0.8404906,-1.725051,-0.2091303,-0.6801833,-0.04723087,354.2089,326.9853,227.3956,-0.001072551,-0.001437058,4.098178E-05,0.0004036007,-0.001076748,-0.004200976

,4.976922,0.03799021,0.4007479,-0.3260791,8.80279,331.2538,342.2926,-0.2765098,0.1772553,-0.04242074,325.7557,353.1616,334.2169,0.3771935,-0.3076981,0.2002255,2.829514,1.23166,-0.7155442,-0.2091442,-0.6802012,-0.04723352,354.2134,326.9859,227.4028,-0.001109095,-0.001433375,-2.504093E-05,0.000123979,0.0001278506,0.0005216061

,4.9883,0.0378058,0.400632,-0.3266171,8.961377,331.3759,342.2846,-0.2749319,0.1765352,-0.04421461,325.6466,352.7546,338.0711,0.299527,-0.2412536,0.09359149,1.730467,1.686116,0.8538878,-0.2091568,-0.6802005,-0.04724059,354.2114,326.9908,227.3987,-0.001068885,-0.0009652086,-0.0002151559,0.0003948736,0.002184665,-0.001909413

,4.999736,0.03760624,0.400382,-0.3269961,8.867119,331.4586,342.2924,-0.2748688,0.1756372,-0.04587105,325.2603,352.195,341.1004,0.2275217,-0.1806172,0.01594812,0.8646953,1.739082,1.656965,-0.209121,-0.6802746,-0.04700825,354.2273,326.9883,227.4043,-0.00141334,-0.001109514,0.001290932,-3.270097E-05,-0.0001614111,0.005389207

,5.010763,0.03711426,0.4004055,-0.3274949,8.950636,331.6601,342.33,-0.2731922,0.175387,-0.04677224,325.0762,351.9435,341.713,0.1975233,-0.1276903,-0.01764301,0.4305325,1.285944,1.453122,-0.2091317,-0.6802799,-0.04699063,354.2203,326.9908,227.394,-0.001259592,-0.0009892486,0.001356474,-2.350291E-05,0.0007427419,-0.000847979

,5.022274,0.03667736,0.4003327,-0.3280451,9.20169,331.7865,342.2634,-0.2711509,0.1747403,-0.04839355,324.9971,351.9868,340.2301,0.1880783,-0.09974217,-0.03398405,0.3301638,0.525723,0.4864661,-0.2091423,-0.6803032,-0.04697245,354.2218,326.9924,227.3934,-0.001124773,-0.001298778,0.001457633,0.0005681625,0.001575032,-0.0005444953

,5.032504,0.03643095,0.4002942,-0.3287654,9.347999,332.0319,342.4436,-0.2693176,0.1749067,-0.04868442,324.8917,352.2032,338.3674,0.1930435,-0.08072823,-0.03432449,0.3080971,-0.01664754,-0.3624483,-0.2089055,-0.6802121,-0.04704681,354.2092,326.9854,227.3877,0.0008853102,-0.0004157708,0.0006482124,-0.001159684,-4.434972E-05,-0.0002493508

,5.043931,0.03635275,0.399972,-0.3293796,9.412397,332.1218,342.6056,-0.2670109,0.1753974,-0.04936606,324.5612,352.5877,335.0337,0.2006744,-0.04746113,-0.04132002,0.2287599,-0.7472119,-1.53775,-0.2089033,-0.6802219,-0.04703897,354.2148,326.9837,227.3832,0.0006131181,-0.0005253879,0.0006417222,0.002618215,-0.001303055,-0.0004257288

,5.055117,0.03619587,0.3998768,-0.3300792,9.630068,332.1792,342.687,-0.2645576,0.1760927,-0.05118191,323.997,353.0338,332.7822,0.2012335,-0.01004918,-0.06203281,0.01339334,-0.9223815,-1.938356,-0.2088791,-0.6802267,-0.04702285,354.21,326.9869,227.385,0.001090836,-0.0005208342,0.0008892188,-2.673791E-05,0.0007371154,-0.0008621227

,5.066121,0.03600156,0.3999547,-0.3307173,10.02126,332.1689,342.7592,-0.2615107,0.1784761,-0.05293286,323.2033,353.6087,332.5253,0.1993025,0.03932043,-0.08556496,-0.346098,-0.4694295,-1.483961,-0.2088999,-0.6801246,-0.04710877,354.2062,326.9787,227.3875,0.0007883417,8.258972E-06,0.000163119,-0.001052628,-0.001542067,-0.0001036702

,5.077638,0.03562915,0.3999593,-0.331464,10.51241,332.2271,342.8735,-0.259372,0.1797581,-0.05423892,322.602,354.2303,332.4334,0.1965233,0.05956188,-0.09379194,-0.5280349,-0.08963252,-1.118085,-0.2089027,-0.680128,-0.04711416,354.2059,326.9753,227.3811,0.0004352338,-7.441243E-05,-5.559534E-05,0.0006803086,-0.003189735,-0.002704736

,5.088442,0.03515565,0.3997581,-0.3323199,10.93103,332.4457,343.127,-0.2571782,0.1808872,-0.05556864,321.9873,355.2492,332.1339,0.1940911,0.07018002,-0.09871449,-0.6391865,0.2974067,-0.9224933,-0.2088809,-0.6801258,-0.047122,354.209,326.9845,227.3864,0.000816171,2.956249E-05,-0.0002308784,2.163107E-05,0.001617593,0.000355776

,5.099752,0.03463948,0.3993682,-0.3331518,11.23686,332.7352,343.5058,-0.2530546,0.1821071,-0.0565339,321.4944,356.8387,330.1909,0.2245267,0.06862075,-0.09167046,-0.6207006,0.3893013,-1.3019,-0.2088643,-0.6801525,-0.04707026,354.216,326.9798,227.3827,0.0003812821,1.904172E-06,7.792895E-05,0.002078169,-0.001253766,0.0004891236

,5.111117,0.03415418,0.3988621,-0.3338463,11.59587,332.9972,343.97,-0.249315,0.1814177,-0.05667856,321.3311,358.8433,326.4929,0.2718844,0.04359566,-0.07867662,-0.510922,0.1941407,-2.403619,-0.2088605,-0.6801378,-0.04706883,354.2106,326.9841,227.3774,0.0003323189,0.0003685813,7.61877E-05,0.00105682,0.0006343906,-0.002695969

,5.121775,0.03357983,0.3984755,-0.334484,12.04688,333.2884,344.4494,-0.2434711,0.1807228,-0.05706879,320.9418,2.185561,320.1725,0.343379,0.01721006,-0.07014534,-0.5505768,-0.1613484,-4.002168,-0.2088561,-0.6801449,-0.04706851,354.2133,326.9872,227.3782,0.0004148897,0.0001633343,6.646746E-05,0.001699378,0.002349349,-0.001172679

,5.133131,0.03270209,0.3979768,-0.3350028,12.56849,333.6389,344.9334,-0.2358918,0.180395,-0.05847427,320.4478,6.381374,312.364,0.4263696,0.0003063439,-0.08438238,-0.8073148,-0.4754128,-5.590323,-0.20903,-0.6801673,-0.0470244,354.2218,326.9845,227.3907,-0.001237127,1.081766E-05,0.0003051021,0.0002972639,-0.0004854431,0.001879597

,5.14435,0.03204381,0.3975528,-0.3355286,12.97049,333.9976,345.3293,-0.2291671,0.179045,-0.0601421,320.0288,10.56424,305.2444,0.4715897,-0.01148526,-0.1060725,-1.128372,-0.538711,-6.413244,-0.2090315,-0.6801666,-0.0470255,354.2173,326.9879,227.3818,-0.0008255544,9.39105E-06,0.0002074061,0.00035774,0.001301742,-0.003137739

,5.155684,0.03146183,0.3971739,-0.3362388,13.30193,334.3354,345.6183,-0.221487,0.1779002,-0.06374493,319.4638,15.99278,296.8829,0.528132,-0.02359701,-0.1616117,-1.703543,-0.4180555,-7.219131,-0.209046,-0.6801773,-0.04701939,354.2223,326.9877,227.385,-0.0009608911,-0.0002597431,0.000320332,0.001269901,0.0009087473,-0.0001001094

,5.16669,0.03078354,0.3967462,-0.3366899,13.57287,334.7136,345.8156,-0.2110201,0.1777462,-0.06758207,319.1965,21.42834,289.3956,0.5905763,-0.02100381,-0.2148208,-2.178778,-0.06920476,-7.390012,-0.2090871,-0.6800431,-0.04725993,354.2126,326.9839,227.3866,-0.0006539024,0.0001789864,-0.001455051,0.001209342,2.18763E-05,-0.001320506

,5.177819,0.03016877,0.3965125,-0.3371458,13.92041,335.086,346.0213,-0.2042756,0.1781025,-0.07196015,318.9942,25.92405,284.4487,0.5901896,-0.01438074,-0.259517,-2.343228,0.4841281,-6.654295,-0.2090995,-0.6800333,-0.0472798,354.21,326.9801,227.3894,-0.0007513436,0.0003843297,-0.001529844,-0.0005153166,-0.001591861,-0.001011203

,5.189683,0.02963233,0.3962092,-0.3375198,14.15212,335.4929,346.2677,-0.1989617,0.1787739,-0.07676259,318.795,29.42441,281.2733,0.5492397,-0.003589617,-0.2864046,-2.246467,0.9493651,-5.54118,-0.2090895,-0.6800295,-0.04728648,354.2097,326.9872,227.3911,-0.0002438769,0.0003858177,-0.001247416,-0.0006837937,0.002281706,-8.650414E-05

,5.200052,0.02926505,0.3959204,-0.3380285,14.38336,335.9844,346.5922,-0.1939565,0.1798296,-0.07899159,318.8985,31.55109,278.9877,0.5330402,0.01191871,-0.2866801,-2.148199,1.075302,-4.997224,-0.2089514,-0.6800603,-0.04709923,354.2081,326.9847,227.3876,0.0002222563,0.00066606,-1.882266E-05,-0.004125385,-0.0009422107,0.0005277244

,5.211201,0.02892161,0.3955848,-0.3385121,14.63165,336.487,346.9419,-0.1886501,0.1793104,-0.08120811,319.3419,34.09462,274.7045,0.4952679,0.003929313,-0.261595,-2.083236,0.6295308,-4.786881,-0.2089574,-0.6800681,-0.04710287,354.2159,326.9792,227.3824,-1.515613E-05,0.0002267308,-0.0001061797,0.001596118,-0.003578103,0.0003366855

,5.222783,0.02848852,0.3954184,-0.3389557,14.96917,336.9829,347.2528,-0.1842686,0.1788585,-0.08304098,320.0988,36.15986,269.1901,0.4560904,-0.01026522,-0.2217352,-2.186452,-0.259668,-5.093972,-0.2089359,-0.68005,-0.04709387,354.2097,326.981,227.3826,0.0004782045,0.0006115282,0.0001168809,-0.00109951,-0.002420656,-0.001319346

,5.233738,0.02808225,0.395251,-0.3394606,15.20742,337.4601,347.4877,-0.1806232,0.1772363,-0.0838877,321.0258,38.10362,263.8036,0.4175706,-0.03314436,-0.1798263,-2.286713,-0.8995053,-5.314616,-0.2090364,-0.6799148,-0.0470891,354.2115,326.9876,227.3826,0.0006399775,0.0009525753,0.0004701421,-0.0007755088,0.0005206197,-0.002525929

,5.244891,0.02769125,0.3950292,-0.3400096,15.35672,337.9603,347.7369,-0.1762356,0.1758047,-0.08511657,322.0524,40.11598,259.2591,0.3985464,-0.04396478,-0.1588918,-2.245169,-1.033476,-5.24734,-0.2090358,-0.6799318,-0.04708156,354.2192,326.9872,227.3811,0.0004717525,0.0002873762,0.0005198845,0.002512013,0.0001954458,-0.0005664323

,5.256305,0.02728224,0.3948972,-0.3405413,15.46785,338.3157,347.891,-0.173177,0.1752039,-0.08647445,323.0907,41.53488,256.5136,0.3523841,-0.05856759,-0.1269597,-1.848684,-0.8265927,-4.707014,-0.2090459,-0.6799113,-0.04707775,354.2146,326.985,227.3881,5.440331E-05,0.0006287436,0.0004397609,-0.0009962278,-0.0006537823,0.001124442

,5.267418,0.0268482,0.3947358,-0.3409185,15.61807,338.5723,347.9785,-0.171375,0.1738845,-0.08660918,323.9373,42.30278,255.3553,0.3153359,-0.08078288,-0.09830272,-1.41069,-0.5741924,-4.22087,-0.2091438,-0.6798977,-0.04717258,354.2191,326.9852,227.3896,-0.0001078979,-0.0001832827,-0.0001621179,0.001966857,0.0002447673,0.0003552066

,5.278895,0.02640259,0.394592,-0.3413927,15.89772,338.86,348.0656,-0.1683866,0.1719795,-0.08702192,325.3124,43.4866,253.0025,0.2918049,-0.1016534,-0.07618401,-1.076748,-0.4520177,-3.95269,-0.2091573,-0.6798836,-0.04718739,354.2123,326.9825,227.3895,-0.0004402915,0.0002027964,-0.0005223548,-0.001211025,-0.0009257378,-0.001457004

,5.289849,0.02607262,0.3942806,-0.342134,16.16214,339.2056,348.1623,-0.1661541,0.1696231,-0.087286,326.9558,44.27999,251.5323,0.2554032,-0.1353077,-0.04858803,-0.5796404,-0.2993825,-3.638121,-0.2091669,-0.6798753,-0.04719681,354.2142,326.9805,227.3958,-0.0005833721,0.0004156377,-0.0006072622,-0.002133105,-0.001436931,0.001742524

,5.300896,0.02598226,0.393926,-0.342817,16.41224,339.4067,348.2308,-0.1644003,0.166918,-0.08726931,328.6894,45.17567,249.9103,0.2289492,-0.1587116,-0.032038,-0.2721432,-0.1713168,-3.491907,-0.2090693,-0.67988,-0.04721758,354.2122,326.9846,227.3866,0.0004117411,0.0007295912,-0.0007274077,0.0005132555,0.0006863931,-0.001768628

,5.312005,0.02582705,0.3933936,-0.3433474,16.86007,339.4335,348.2716,-0.1616796,0.1629237,-0.08698612,330.4613,46.26827,248.2443,0.2042832,-0.1922751,-0.0180605,-0.08259255,-0.002181354,-3.430891,-0.2090714,-0.6798755,-0.04723683,354.2133,326.9812,227.3896,0.0001778338,0.0005996366,-0.001050008,0.0002417799,-0.001370667,0.0006621227

,5.323043,0.02555525,0.3926057,-0.3439693,17.38081,339.5279,348.3902,-0.1606706,0.1604259,-0.08805719,331.8024,47.12522,246.2724,0.1653841,-0.1985844,-0.02115405,-0.210667,-0.05627312,-3.350819,-0.2090503,-0.6798795,-0.04723814,354.2134,326.9867,227.3873,0.0006983075,0.0003511876,-0.0007684191,0.0005638771,0.001569288,-0.0005489289

,5.334602,0.02526414,0.3916533,-0.3445281,17.90713,339.7093,348.6215,-0.1604022,0.1601781,-0.0883989,332.3732,47.6524,245.5953,0.1129889,-0.1560663,-0.02191098,-0.1681832,0.06448086,-2.705825,-0.2091979,-0.6799895,-0.04722303,354.2242,326.98,227.3963,-0.001097733,-0.0008922672,-0.000687847,0.002236356,-0.001862973,0.001876295

,5.3454,0.02530777,0.3905122,-0.3450989,18.52357,339.9606,348.9079,-0.160375,0.1602477,-0.0883576,332.1161,47.80057,246.2027,0.05157994,-0.08875531,-0.01912805,-0.03645487,0.2331802,-1.621085,-0.2092068,-0.6799797,-0.04723582,354.2178,326.9824,227.3905,-0.00102874,-0.0004872172,-0.0008207927,0.001163915,-0.0008579629,-0.002528478

,5.356378,0.02536178,0.3895334,-0.3456412,19.13548,340.2185,349.1891,-0.1625845,0.1632212,-0.09005776,330.8267,47.2318,247.9126,-0.0341927,0.02176425,-0.02582463,0.08092207,0.3104142,-0.2471973,-0.2092187,-0.6800011,-0.04724249,354.226,326.983,227.3938,-0.001114381,-0.001042028,-0.0008262022,0.00396078,-0.0002490029,0.001567083

,5.367933,0.02568507,0.3885086,-0.3459451,19.75762,340.4251,349.4281,-0.1635921,0.1667097,-0.08981401,329.6568,46.62871,249.1809,-0.08661588,0.1131239,-0.01264428,0.06621369,0.2304397,0.6813146,-0.2090425,-0.6799415,-0.04719424,354.2214,326.9832,227.3878,0.0002726248,0.0003505378,-0.0004712899,0.001969334,0.0002440384,0.0003551814

,5.379504,0.02596581,0.3874545,-0.3460549,20.33059,340.6731,349.6857,-0.1688238,0.1729794,-0.08895549,326.871,44.84834,251.7447,-0.2009395,0.2571849,0.01423472,-0.1285269,-0.02922124,2.107356,-0.2090433,-0.6799349,-0.04720178,354.2202,326.9846,227.3874,0.0001748202,0.000427595,-0.0005698823,0.001268007,0.0009071467,-9.567731E-05

,5.390357,0.02617788,0.3864217,-0.3461704,20.74804,341.0039,349.9867,-0.1760551,0.1812694,-0.09055164,323.3674,42.31005,255.7635,-0.3293212,0.4141423,0.00868585,-0.2178389,-0.1179564,3.696131,-0.2090379,-0.6799604,-0.04726106,354.2107,326.985,227.3889,9.267311E-05,0.000448867,-0.000815129,-0.001482542,0.001181019,-0.002969751

,5.401367,0.02655125,0.3854725,-0.3461117,21.16962,341.4314,350.2831,-0.1832302,0.1893576,-0.09014809,320.207,39.71061,260.1187,-0.4198032,0.5159823,0.01664001,-0.2131373,-0.06944072,4.703915,-0.2090373,-0.6799442,-0.04728192,354.2125,326.9857,227.3861,0.0001249045,0.0007096466,-0.001102512,0.0003516804,0.001299533,-0.003131569

,5.412746,0.02710605,0.3846384,-0.3459958,21.51982,341.7727,350.5328,-0.1938078,0.1990173,-0.08952263,316.4916,36.04632,265.2225,-0.5587345,0.6270613,0.02970208,-0.4081088,-0.1569774,5.650456,-0.209034,-0.6799191,-0.04729721,354.2103,326.9876,227.3898,0.0001803654,0.001161163,-0.001159472,-0.001431975,0.00206391,-0.001750047

,5.424893,0.02772689,0.3839792,-0.3456008,21.68448,342.1318,350.8065,-0.2065238,0.2093601,-0.09058765,312.9084,31.49454,270.5114,-0.7326786,0.71313,0.03306048,-0.6962289,-0.4069529,6.255311,-0.209047,-0.6799225,-0.04732087,354.2157,326.9812,227.3894,-0.0001656811,0.0007773211,-0.001445157,0.0007816255,-0.00142066,-0.0002499626

,5.43512,0.02822876,0.3833185,-0.3452879,21.81836,342.5186,351.0676,-0.2155324,0.2148597,-0.089798,310.9347,28.15058,274.775,-0.8265999,0.7327805,0.04540921,-0.690354,-0.4395986,6.532763,-0.209031,-0.6799792,-0.04709706,354.222,326.9804,227.389,-0.0004781799,0.001080965,0.0002327693,-0.0009337361,-0.003030583,6.097615E-05

,5.445899,0.0289315,0.3828187,-0.3448161,21.90155,342.9098,351.2261,-0.2290738,0.2226921,-0.08856183,308.4514,22.36587,281.9549,-0.9536155,0.745026,0.06303024,-0.6063136,-0.4381648,6.927762,-0.2090293,-0.6799592,-0.04709321,354.2213,326.9855,227.3836,-0.0003145968,0.001341484,0.0002857466,0.0004703072,-0.0001913818,-0.002982082

,5.456616,0.02956593,0.3824838,-0.3444661,21.94308,343.3002,351.2899,-0.2440975,0.2307613,-0.09012243,306.2963,15.5662,289.6361,-1.077122,0.7409029,0.04823549,-0.6543752,-0.5714446,7.152724,-0.2090487,-0.6799656,-0.04728174,354.2161,326.9832,227.3924,-0.0003049983,0.0005865844,-0.001356273,0.0007797244,-0.001416193,-0.0002465819

,5.468077,0.03035271,0.3821927,-0.3441637,22.05026,343.6069,351.2751,-0.2593167,0.2356859,-0.08899221,304.6014,7.868118,298.1373,-1.160776,0.7086437,0.05296033,-0.7561296,-0.7715312,7.220844,-0.2090335,-0.6799306,-0.04730344,354.2142,326.9795,227.3891,-0.0003110288,0.000918988,-0.001474199,0.0007298652,-0.002301164,-0.001466855

,5.479196,0.03111339,0.3818779,-0.343939,22.16288,343.8296,351.1572,-0.2767864,0.2417322,-0.08930099,303.3725,359.1443,307.5608,-1.275281,0.6739091,0.03162846,-0.9374479,-0.9216453,7.433781,-0.2090309,-0.6799072,-0.04731584,354.2095,326.9832,227.3908,-0.0001826034,0.001344291,-0.001392465,-0.001915328,-0.00026129,-0.001903338

,5.490481,0.03188956,0.3814963,-0.3438069,22.27844,344.0106,351.0754,-0.2954026,0.2473477,-0.09348354,302.8023,349.6646,318.4235,-1.387242,0.6320223,-0.03796579,-1.137336,-0.7524129,7.808496,-0.2090183,-0.6798862,-0.0473296,354.208,326.989,227.3924,0.0002090596,0.001563192,-0.001314896,-0.002675694,0.00278001,-0.001281994

,5.501382,0.03267598,0.3809837,-0.3437807,22.45404,344.242,351.1264,-0.3074989,0.2482244,-0.09392962,302.9256,343.2378,325.6912,-1.452374,0.5734613,-0.06009164,-1.295739,-0.7481005,7.949027,-0.2091722,-0.6799549,-0.04712981,354.2278,326.9903,227.3972,-0.001136955,0.0008097618,0.0002858187,-0.001102187,0.0008474792,0.0009973863

,5.512436,0.03359938,0.3803689,-0.3438425,22.73151,344.4077,351.273,-0.3268874,0.2510297,-0.09661892,303.5331,333.878,335.6372,-1.535038,0.4892981,-0.1114854,-1.578389,-0.9520199,7.940484,-0.2091893,-0.6799577,-0.04712215,354.2308,326.9879,227.3951,-0.001225358,0.0004780661,0.0004268672,0.0008418855,-0.0005289831,0.0009825206

,5.523988,0.03445983,0.3797865,-0.3440084,23.10339,344.5594,351.4968,-0.3467803,0.2531401,-0.1025574,304.6232,324.7891,345.0091,-1.603236,0.3646453,-0.2020827,-1.916721,-1.188617,7.809432,-0.2090679,-0.6799051,-0.04707786,354.2265,326.9885,227.3822,3.531269E-05,0.0009071074,0.0007533486,0.001876468,-0.001512372,-0.002077129

,5.535284,0.03551817,0.3792104,-0.3442524,23.48751,344.6557,351.7043,-0.3630018,0.2533596,-0.1053774,306.7353,317.1642,353.4758,-1.602964,0.2914769,-0.2276146,-2.002437,-1.204798,7.723656,-0.2090524,-0.6798867,-0.04705286,354.2281,326.9951,227.3899,0.000456473,0.001098621,0.001210785,8.460353E-05,0.002512268,0.001597446

,5.546326,0.03651333,0.378579,-0.3446037,23.87286,344.6993,351.9306,-0.381427,0.2524526,-0.1091404,309.1542,310.6545,0.7592439,-1.61252,0.2133393,-0.2568241,-2.095634,-1.178186,7.570705,-0.209054,-0.6798779,-0.04704642,354.2287,326.9894,227.3879,0.0003059676,0.0009896647,0.001006473,0.0008450645,-0.000528851,0.0009753196

,5.55716,0.0373956,0.3780316,-0.3452523,24.19463,344.8051,352.2536,-0.3993299,0.250536,-0.1167889,311.226,305.1525,6.106119,-1.593144,0.06378711,-0.3325707,-2.136849,-1.378182,6.960265,-0.2090567,-0.6798605,-0.04704267,354.2246,326.9869,227.3904,0.0001356402,0.001163663,0.0007835054,-0.001580846,-0.001479681,0.0008337403

,5.568777,0.03822279,0.3775578,-0.3456935,24.46534,344.9118,352.5048,-0.4136356,0.2478158,-0.1209102,314.0222,300.3992,10.57475,-1.548178,-0.00803523,-0.346468,-2.00642,-1.632435,6.605918,-0.2092873,-0.6798817,-0.04718173,354.2312,326.9872,227.3936,-0.001370657,-0.0002794169,-0.0001378297,0.003211674,-0.0004609543,-9.35969E-05

,5.579965,0.03909194,0.3771627,-0.3460879,24.62656,345.0083,352.6417,-0.4245543,0.2446843,-0.1244195,315.6375,297.9167,12.18515,-1.513402,-0.1153094,-0.3701711,-1.719814,-1.938873,6.118382,-0.2092971,-0.6798731,-0.04717937,354.2267,326.9881,227.3981,-0.001356499,-4.791754E-05,-3.349867E-05,0.0001349109,0.0001336034,0.0005338918

,5.590706,0.03999615,0.3768131,-0.3465009,24.79778,345.0396,352.7026,-0.4404012,0.240092,-0.13113,318.3691,294.4499,14.84116,-1.465076,-0.2114029,-0.4106712,-1.455061,-2.088841,5.710292,-0.2093247,-0.6798702,-0.04718924,354.228,326.9825,227.3937,-0.001699036,5.282196E-05,-0.0002988825,0.001436914,-0.00295789,-0.001004221

,5.602077,0.04091632,0.3766638,-0.3468236,25.03573,345.1289,352.7699,-0.4514263,0.2349432,-0.1364671,321.1632,291.375,17.07211,-1.372992,-0.2910458,-0.4363068,-1.240599,-2.209034,5.379848,-0.2090731,-0.6799423,-0.04709417,354.2297,326.9825,227.3846,-0.0006055504,0.0007216618,0.0002081015,0.002193996,-0.00273888,0.0006551819

,5.613308,0.04183817,0.376399,-0.3471421,25.21997,345.2235,352.878,-0.4650338,0.2287138,-0.1427902,323.6214,288.4436,19.06717,-1.307899,-0.3655581,-0.4712287,-1.155448,-2.324661,4.994518,-0.2090602,-0.6799139,-0.04707903,354.2214,326.989,227.3842,-7.152406E-05,0.001258739,0.0005574285,-0.002014276,0.001240104,-0.002049091

,5.624449,0.04287231,0.3761363,-0.34738,25.32632,345.342,352.9581,-0.478245,0.2229522,-0.1493983,325.9771,285.7906,20.66261,-1.25766,-0.4029989,-0.4958597,-1.072272,-2.386561,4.646128,-0.2090573,-0.6799203,-0.04707721,354.2278,326.9893,227.3835,2.489398E-05,0.0007244642,0.0004209392,0.0012733,0.0009149563,-8.968674E-05

,5.63556,0.04388571,0.3759198,-0.3474691,25.46711,345.4166,353.0057,-0.4875195,0.2172356,-0.1558741,327.821,283.7377,21.25281,-1.153726,-0.4433967,-0.518662,-0.796797,-2.435733,4.074021,-0.2091464,-0.6798662,-0.04706526,354.2205,326.9842,227.3889,-0.0006258324,0.001014836,0.0005099187,-0.003578337,-0.0009870906,-0.0003712634

,5.646848,0.04468143,0.3758166,-0.3475967,25.58937,345.502,353.091,-0.4977978,0.2108579,-0.1625904,329.3915,281.8813,21.38851,-1.064864,-0.4777361,-0.5367499,-0.4736983,-2.519028,3.523201,-0.209161,-0.6798834,-0.04705384,354.2285,326.985,227.3859,-0.0008547545,0.0002597508,0.0006292964,0.0008420318,-0.0005304395,0.0009755861

,5.658177,0.04525971,0.3758794,-0.3480152,25.53611,345.663,353.1728,-0.5016911,0.2080022,-0.1669251,330.0056,280.7084,20.75726,-0.9612178,-0.4832717,-0.5466126,-0.09708025,-2.681916,2.929683,-0.209242,-0.679829,-0.04714119,354.2177,326.9848,227.3915,-0.001229641,0.0008144996,-8.38328E-07,-0.002450919,-0.0002056652,-0.0009807535

,5.668961,0.0458709,0.375836,-0.3481635,25.41818,345.8394,353.2392,-0.5093668,0.2013682,-0.1733449,330.6881,278.7694,20.44721,-0.871865,-0.4976076,-0.5552734,0.1053078,-2.827373,2.237968,-0.2092571,-0.679834,-0.04713395,354.2233,326.9858,227.3911,-0.001411869,0.0005848127,0.0001617396,0.0001352372,0.0001326301,0.000527964

,5.680115,0.04670489,0.3758663,-0.3482088,25.30005,346.0149,353.2984,-0.517707,0.1959842,-0.1800264,331.2445,276.9186,20.15269,-0.8179077,-0.4922326,-0.5601979,0.2203357,-2.881039,1.753222,-0.2092781,-0.679814,-0.04713815,354.2156,326.9846,227.3913,-0.001509518,0.001060551,-3.367861E-05,-0.003744,-0.0003747973,-0.001735108

,5.691411,0.04743123,0.375982,-0.348209,25.18762,346.2618,353.4249,-0.5227768,0.1919861,-0.1859508,331.2831,275.2741,19.1782,-0.7188576,-0.4633039,-0.5580285,0.4893193,-2.937551,1.14302,-0.2090894,-0.6798583,-0.04711086,354.2192,326.9822,227.3829,0.0001699159,0.0002774105,0.0003531685,0.001486299,-0.00207749,0.0002016158

,5.702597,0.04812086,0.3761296,-0.3482589,25.01336,346.5755,353.5497,-0.5282878,0.1864102,-0.1923866,331.6918,273.6608,18.09134,-0.6437957,-0.4604498,-0.5585519,0.7801489,-3.008262,0.9244508,-0.2090631,-0.6798598,-0.04709116,354.2209,326.9896,227.3933,0.000770439,0.0001239064,0.0007535437,-0.0008464238,0.00199837,0.004791839

,5.713929,0.04891264,0.3762352,-0.3483763,24.77484,346.8632,353.7286,-0.5344089,0.1809556,-0.1990136,332.5739,272.0762,17.23898,-0.6053296,-0.4633073,-0.5591401,0.9151605,-2.994459,0.9953973,-0.2090529,-0.6798688,-0.04708534,354.2249,326.9884,227.3857,0.0008113623,-0.0002030415,0.0006573577,0.002720644,0.0004696506,0.002028415

,5.724943,0.04938185,0.3766782,-0.3484704,24.59758,347.1543,353.8606,-0.5396085,0.1750596,-0.2044981,333.9787,270.574,16.66154,-0.5578923,-0.4727516,-0.5448344,0.8958775,-2.877256,1.288514,-0.2090427,-0.6798512,-0.0470807,354.2202,326.9898,227.3863,0.0008178949,0.0002230717,0.0006012771,0.0007261941,0.0009638221,0.0008233066

,5.736074,0.05019736,0.3769732,-0.3485575,24.43321,347.3929,353.9438,-0.5434871,0.1692429,-0.2096235,335.6475,269.3813,15.98106,-0.5035949,-0.4746319,-0.5163926,0.9040311,-2.653088,1.631466,-0.2090585,-0.6799003,-0.04704416,354.2233,326.9908,227.377,0.0005230926,-9.911363E-05,0.0008846508,0.002892103,0.0007623635,-0.002839533

,5.74763,0.05097735,0.3772448,-0.3486126,24.27635,347.575,353.9391,-0.5458024,0.1657959,-0.2120851,336.9937,269.0483,15.89486,-0.4560312,-0.4635685,-0.4744568,0.7565767,-2.254634,1.933223,-0.2090614,-0.6799072,-0.04704183,354.2223,326.9819,227.3843,0.0003806958,-0.0003648819,0.0008033742,0.0008962833,-0.002908934,-9.993021E-05

,5.758453,0.05162561,0.3774929,-0.3488415,24.15513,347.7472,353.9217,-0.5506727,0.1603392,-0.2150666,338.7139,268.57,16.27585,-0.4233885,-0.4505737,-0.4145404,0.3336357,-1.655509,2.131187,-0.2090377,-0.6799074,-0.04702437,354.2189,326.9862,227.3862,0.0008570543,-0.0002938218,0.001015369,-0.001157093,-3.673469E-05,-0.0002323923

,5.769567,0.0522275,0.3776426,-0.3489829,24.07044,347.8986,353.933,-0.5532367,0.1554586,-0.2169965,340.2235,268.6243,16.6755,-0.3680125,-0.4243614,-0.3403025,0.04573236,-1.011056,2.182833,-0.2091056,-0.6798631,-0.04730362,354.2124,326.9827,227.393,0.0007536797,-0.001012467,-0.001074742,0.0006638427,7.825785E-05,-0.0003914917

,5.78122,0.05289376,0.3777117,-0.3492322,24.0746,348.0001,353.9943,-0.5561596,0.1511483,-0.2190645,341.5759,268.6842,16.78133,-0.3351477,-0.3997637,-0.2900636,-0.03040448,-0.6440173,2.137494,-0.2090971,-0.6798822,-0.04732084,354.2137,326.9783,227.391,0.0007394284,-0.001279802,-0.001209265,0.002015982,-0.002130806,-0.0007091914

,5.791896,0.05352926,0.3777821,-0.3496133,24.11709,348.0918,354.102,-0.5591885,0.1478899,-0.2183657,342.5819,269.0289,16.89393,-0.2936116,-0.3551783,-0.2117846,-0.07616662,-0.2832108,1.942126,-0.2091004,-0.6798829,-0.04733133,354.2107,326.9774,227.3903,0.0003619187,-0.000945742,-0.001126413,0.0007229155,-0.002300044,-0.001463581

,5.803623,0.05389321,0.377861,-0.3500287,24.17873,348.1419,354.2137,-0.5599484,0.1456766,-0.2188928,343.0993,269.2213,16.7978,-0.2303931,-0.2980694,-0.1638713,-0.01534285,-0.1192871,1.60214,-0.2091227,-0.6800014,-0.04716766,354.2247,326.9764,227.393,-0.0004446701,-0.001319017,2.286107E-06,0.001053658,-0.003521194,0.001274968

,5.814752,0.05448055,0.3777313,-0.3505408,24.33964,348.0524,354.2929,-0.5603137,0.1449804,-0.2192252,343.0587,269.3599,16.176,-0.1686365,-0.2253561,-0.1212922,0.2515626,-0.09692826,1.106292,-0.2090966,-0.6800095,-0.04714823,354.2201,326.9911,227.3925,0.0003189254,-0.001175948,0.0004938197,-0.0007880692,0.003786223,-0.0002157651

,5.825916,0.0548892,0.3776149,-0.3510949,24.50301,348.0465,354.4515,-0.5602219,0.1452328,-0.2184037,342.7876,269.6083,15.4704,-0.127856,-0.1695851,-0.08452451,0.5308151,-0.09213018,0.7278305,-0.2089405,-0.6801752,-0.04698563,354.2261,326.9853,227.3851,0.0005872349,-0.001592577,0.00156739,0.001381299,-0.0005786421,6.041497E-05

,5.837515,0.05505311,0.3774935,-0.3515972,24.65822,348.0439,354.6199,-0.5594171,0.1464866,-0.2175284,341.9779,270.0482,14.17515,-0.06760801,-0.08729241,-0.03693038,0.9133506,-0.0512993,0.1586142,-0.2089393,-0.6801678,-0.04697815,354.2213,326.9853,227.3891,0.0004941349,-0.001105806,0.001476394,-0.001695399,1.642709E-05,0.0006877807

,5.848191,0.05529702,0.3772217,-0.3521056,24.79091,348.0663,354.7892,-0.5576563,0.147846,-0.2160624,340.9521,270.6209,12.96463,-0.008097651,-0.0146944,0.009319832,1.156171,0.04252901,-0.3556975,-0.208937,-0.680178,-0.04696292,354.2248,326.9857,227.3897,0.0003888824,-0.0009774419,0.001409685,-0.0004023152,0.0001854585,0.001442154

,5.859455,0.05542135,0.3770391,-0.3528397,24.90109,348.0801,354.9403,-0.5557345,0.1502204,-0.2142844,339.7275,271.382,11.67998,0.04638279,0.05809148,0.05448589,1.363006,0.1642557,-0.8526434,-0.2089282,-0.6801788,-0.04694223,354.2224,326.9896,227.3917,0.0005232619,-0.0006940474,0.001506987,-0.001754469,0.002394435,0.001760469

,5.870533,0.05530238,0.3769122,-0.3533498,25.05539,348.1248,355.106,-0.5526911,0.152305,-0.2123246,338.5101,272.1477,10.51711,0.09230639,0.1025897,0.0864106,1.436315,0.2588173,-1.156682,-0.2090911,-0.6801366,-0.04717061,354.2127,326.9835,227.3984,-0.000627608,-0.0008403729,-0.0001684788,-0.001327089,0.0005753142,-0.001588222

,5.881973,0.0554806,0.3767827,-0.3538105,25.20608,348.0717,355.202,-0.5489949,0.1568859,-0.2088793,336.696,273.4213,9.324119,0.1603041,0.184951,0.1490978,1.455193,0.5359582,-1.641622,-0.2090988,-0.6801478,-0.04716939,354.2143,326.9823,227.3965,-0.0006104003,-0.0008192965,-6.952065E-05,-8.449313E-05,-0.0001382646,-0.002053499

,5.892911,0.05531442,0.3768085,-0.3543451,25.30156,348.0728,355.3426,-0.5455869,0.1603051,-0.2052655,335.297,274.654,8.265582,0.1946232,0.2201453,0.1876424,1.401328,0.7100756,-1.82362,-0.2089967,-0.6801509,-0.04714379,354.2104,326.985,227.3966,0.0002005489,-0.0002338125,-0.0001316783,-0.003107757,0.001339718,-0.0002120761

,5.904016,0.05518365,0.3766787,-0.3547972,25.34407,348.0857,355.4427,-0.5409727,0.1640915,-0.2009002,333.7111,276.2744,7.289046,0.2439663,0.2587065,0.2392537,1.299347,1.012125,-2.011371,-0.2090009,-0.6801509,-0.04714963,354.2124,326.9835,227.3914,-3.82735E-06,-0.0001729173,-0.0002515152,-0.0006227231,-8.763268E-05,-0.001142676

,5.915655,0.05507159,0.3765029,-0.3552131,25.31567,348.0037,355.4686,-0.5372734,0.166988,-0.1973081,332.6405,277.6526,6.726685,0.2913702,0.2888146,0.288416,1.192577,1.331271,-2.130563,-0.2089933,-0.6801697,-0.04714459,354.2199,326.9828,227.3888,0.0002293949,-0.0006417737,-6.706583E-05,0.003205907,-0.0004629556,-9.924216E-05

,5.926327,0.05447733,0.3765333,-0.3558736,25.26187,347.9664,355.5076,-0.5320044,0.1712638,-0.1913839,331.1909,279.8768,5.472775,0.340355,0.3163605,0.3467336,1.195142,1.663554,-2.219103,-0.2089874,-0.680123,-0.04727295,354.2132,326.9784,227.3937,0.0004729511,-0.0002584959,-0.001242649,0.001365233,-0.0005845038,6.158576E-05

,5.937748,0.05422902,0.3763475,-0.3564066,25.22208,347.9858,355.5706,-0.5256674,0.1749377,-0.185493,329.7161,282.3212,4.332109,0.3954053,0.3356132,0.3954606,1.12453,2.025971,-2.290561,-0.2089673,-0.6801142,-0.04728851,354.208,326.9822,227.3929,0.0008499825,5.50538E-05,-0.001270381,-0.0007387204,0.001404576,-0.001291415

,5.94936,0.05407143,0.3762002,-0.3569381,25.23462,348.0175,355.6262,-0.5192626,0.178998,-0.1801362,328.2119,284.6623,3.551175,0.4337745,0.3496749,0.417829,0.9129086,2.294436,-2.336542,-0.2089726,-0.680127,-0.04731345,354.2128,326.9786,227.3936,0.0004672507,-0.0003219864,-0.001536441,0.001365229,-0.000584512,6.158275E-05

,5.959857,0.05374539,0.3762647,-0.3576327,25.24405,348.0807,355.7013,-0.5122511,0.1837212,-0.1736368,326.5631,287.2983,3.372475,0.4864625,0.3707322,0.4475503,0.4813124,2.697286,-2.3952,-0.2088406,-0.6801475,-0.04731816,354.2078,326.9809,227.3892,0.001383741,-0.0001316922,-0.001626696,-3.666071E-05,0.000740573,-0.0008451476

,5.971097,0.053545,0.3761607,-0.3582348,25.2103,348.1703,355.7997,-0.5034668,0.1882026,-0.1673938,324.7571,290.2269,2.591735,0.5535163,0.3864347,0.47164,0.3360665,2.994303,-2.525721,-0.2088292,-0.6801535,-0.04734054,354.2101,326.9785,227.3961,0.001313327,-0.0002311736,-0.001688833,-0.0009590596,0.0002297751,0.002354359

,5.98243,0.05338812,0.3761231,-0.3587747,25.21166,348.1563,355.8863,-0.496343,0.190677,-0.162954,323.4127,292.5288,1.447127,0.6255762,0.3935808,0.4920366,0.43838,3.146814,-2.735827,-0.2088219,-0.6801635,-0.04737443,354.2101,326.9782,227.3917,0.001080309,-0.0004748217,-0.002064225,0.0008246546,-0.0005348204,0.0009730349

,5.993528,0.05279088,0.3763138,-0.3592103,25.23015,348.1141,355.9691,-0.4869405,0.1953874,-0.1561909,321.496,295.9249,359.6393,0.6769279,0.4044532,0.510891,0.5505511,3.214803,-2.972631,-0.2088156,-0.6802224,-0.04710317,354.2196,326.986,227.3817,0.0008783778,-0.0002613274,0.0001471709,0.0004699823,-0.0001856942,-0.002976889

,6.005036,0.05255651,0.3763521,-0.3597144,25.17384,348.0944,356.1063,-0.4751297,0.2000934,-0.1495788,319.1899,299.899,357.0051,0.7660476,0.4189802,0.5250898,0.7154031,3.279408,-3.402325,-0.2087972,-0.6802362,-0.04709697,354.2183,326.989,227.3844,0.00108995,-0.0005749892,0.0002644607,-0.0007218496,0.001410679,-0.001291594

,6.015646,0.05226278,0.3764755,-0.3601697,25.09906,347.9255,356.0898,-0.4621633,0.2047673,-0.1435405,316.6299,304.4319,353.7077,0.8645904,0.4286948,0.5250299,0.8457987,3.334737,-3.940217,-0.2088012,-0.6802398,-0.04710916,354.2164,326.9869,227.3865,0.0007217787,-0.0005369216,-6.084356E-05,-0.001854706,0.0006290414,-0.0006789524

,6.026725,0.05172992,0.3767692,-0.3606474,24.93538,347.6865,355.9981,-0.4474812,0.2099037,-0.138055,313.8486,309.815,349.3421,0.9771837,0.4371155,0.5150012,0.9940007,3.337976,-4.609232,-0.208781,-0.6802706,-0.04703897,354.2222,326.9853,227.3848,0.0006001212,-0.0007626014,0.0005004919,0.000252844,-0.001357828,0.0006730486

,6.038009,0.05145359,0.3769615,-0.3610921,24.72556,347.4379,355.9163,-0.4322011,0.2134695,-0.1325437,311.3403,315.8156,344.1577,1.055978,0.4279337,0.5056113,1.103569,3.312266,-5.098499,-0.2088773,-0.6802391,-0.04704398,354.2246,326.987,227.3858,-5.8865E-05,-0.0006044337,0.0004311192,0.0006847449,8.633312E-05,-0.0003855864

,6.049562,0.05121458,0.3771662,-0.3614901,24.48881,347.2137,355.7824,-0.4148704,0.2161936,-0.1279642,308.7634,323.2838,337.1729,1.172434,0.4002573,0.479461,1.233865,3.241164,-5.824477,-0.2088575,-0.6802481,-0.04702815,354.2262,326.9925,227.385,0.0004673704,-0.0006086974,0.0007083855,0.001166796,0.002413873,-0.0002291016

,6.060482,0.05056715,0.3775445,-0.3619441,24.26846,347.0226,355.6227,-0.3960187,0.2192156,-0.1239595,306.6693,331.9229,328.6985,1.285872,0.3576353,0.445693,1.368343,3.119534,-6.478293,-0.208828,-0.6802782,-0.0469529,354.2234,326.9892,227.389,0.0001831198,-0.0004411563,0.001117331,-0.001687919,1.971831E-05,0.0006920928

,6.071539,0.05030978,0.3777288,-0.3622275,23.99404,346.8766,355.4442,-0.3817555,0.2185023,-0.1212347,305.5893,339.019,321.0813,1.408378,0.2457007,0.4004799,1.549914,2.884493,-7.26105,-0.2088138,-0.6802863,-0.04693484,354.2196,326.9919,227.3847,0.0005499954,-0.0005459539,0.001380867,-0.002008578,0.001245152,-0.002041843

,6.08272,0.05012012,0.3779746,-0.3624963,23.73195,346.7772,355.3366,-0.3633573,0.2173071,-0.1178013,305.0904,348.6864,311.2872,1.456523,0.172427,0.3726263,1.603974,2.741803,-7.609833,-0.2087991,-0.6803046,-0.04691756,354.2232,326.993,227.3904,0.0008214831,-0.0008111822,0.001478348,-0.001746899,0.002397749,0.00176484

,6.093978,0.04968297,0.3785158,-0.3629231,23.486,346.6724,355.2317,-0.3439904,0.215641,-0.1156768,305.3643,358.7866,300.7328,1.514531,0.06752863,0.3223131,1.56844,2.509839,-8.044526,-0.2089691,-0.6802381,-0.04709369,354.2191,326.9867,227.3992,-0.0002858079,-0.000893972,-0.0001647072,-0.00169726,1.854678E-05,0.0006990887

,6.104963,0.0496496,0.3789309,-0.3631863,23.24785,346.5607,355.0596,-0.3248179,0.2113826,-0.1129597,306.6496,8.086727,290.8433,1.540004,-0.01825668,0.2931466,1.533378,2.3183,-8.24429,-0.2089688,-0.6802582,-0.04708779,354.2202,326.9882,227.4035,-0.0001771084,-0.001092338,4.829597E-05,-0.002187808,0.0009519297,0.002835082

,6.116237,0.04965603,0.3793061,-0.3634633,22.9631,346.4582,354.8681,-0.3066791,0.2052844,-0.1116388,308.7294,16.48368,281.5351,1.545101,-0.1509053,0.2434435,1.45118,2.028402,-8.449669,-0.2089779,-0.6802582,-0.04709369,354.2159,326.9832,227.4046,-0.0003477278,-0.0007035506,-0.0001294434,-0.003962697,-0.001544982,0.001924664

,6.127779,0.04950845,0.3797982,-0.3637338,22.68252,346.3649,354.7222,-0.2900217,0.1988261,-0.1099568,311.4814,23.65007,272.9698,1.51765,-0.2739782,0.2084498,1.368312,1.684098,-8.618867,-0.2090524,-0.6801564,-0.04710445,354.2183,326.9896,227.4006,-0.0002657885,-0.0008424104,0.0003429651,-0.001805942,0.001512948,0.0005522912

,6.138703,0.04963911,0.3800931,-0.3638822,22.38238,346.3378,354.6832,-0.273663,0.1908706,-0.1081686,314.5371,29.49864,266.1271,1.465951,-0.3869625,0.1810596,1.24993,1.54356,-8.480336,-0.2090784,-0.6801761,-0.04711413,354.226,326.9806,227.4022,-0.0008156646,-0.001079649,5.21086E-06,0.001109847,-0.002634271,0.002502958

,6.149705,0.04983461,0.3803927,-0.3640001,22.1048,346.3297,354.6728,-0.2639314,0.1857281,-0.10787,316.3875,32.50266,263.2169,1.410025,-0.4448314,0.1535318,1.193063,1.644089,-7.972436,-0.2090827,-0.6801664,-0.04711774,354.2182,326.9806,227.397,-0.0008774726,-0.0005926851,-0.0001251147,-0.001146035,-0.003293954,-0.002508727

,6.160949,0.05000758,0.3808793,-0.3640468,21.78796,346.3241,354.6571,-0.2529421,0.1793965,-0.1071722,318.5293,35.39322,260.8699,1.2689,-0.4906487,0.118229,1.145428,1.786685,-6.661501,-0.2088399,-0.6802567,-0.04701221,354.2214,326.9857,227.3915,0.0009888916,-0.0004002895,0.0006118134,0.0001420131,0.0001366586,0.0005285275

,6.171916,0.05034494,0.3813562,-0.3640774,21.45084,346.1884,354.549,-0.2414327,0.1732607,-0.1060886,320.5394,37.83292,258.9294,1.171701,-0.4943849,0.1071802,1.108185,1.794445,-5.739033,-0.2088395,-0.6802641,-0.04700983,354.2221,326.9821,227.3919,0.0007123425,-0.0004418155,0.0004934057,0.0002517099,-0.001358666,0.0006757894

,6.183428,0.05072403,0.3819453,-0.3640625,21.05977,345.9861,354.3399,-0.2329654,0.1679475,-0.1050427,321.7232,38.62703,259.0677,1.022544,-0.484592,0.09733157,1.184745,1.690618,-4.366578,-0.2088109,-0.6802682,-0.04699254,354.2176,326.9845,227.3879,0.001199313,-0.0004747131,0.0008146677,-6.879294E-05,-0.0001335929,-0.002058298

,6.194443,0.0509187,0.3826039,-0.3640642,20.64395,345.7639,354.1036,-0.2273262,0.1650778,-0.1039768,322.4305,38.65726,260.5822,0.8577718,-0.4325367,0.09503908,1.320523,1.638171,-2.920503,-0.2088765,-0.6802953,-0.04695737,354.2246,326.9802,227.3957,0.0003191435,-0.0006159447,0.0008474145,-0.0001779157,-0.002801592,0.001743424

,6.205621,0.05141509,0.3831444,-0.3639954,20.20644,345.5365,353.7507,-0.2243655,0.1624817,-0.1021031,322.6162,37.8597,262.7891,0.6843995,-0.3655683,0.1052456,1.448572,1.427467,-1.511031,-0.2088597,-0.6802944,-0.04695004,354.2193,326.9865,227.3918,0.0006390475,-0.0004064989,0.0007651146,-0.001309725,0.0005819174,-0.001588677

,6.21683,0.05192268,0.3836908,-0.3639058,19.72458,345.3511,353.4034,-0.2226037,0.1617119,-0.09992209,322.608,36.29528,265.694,0.5183202,-0.2778103,0.1281714,1.586221,1.113045,-0.2072958,-0.2088494,-0.6803001,-0.04694182,354.2197,326.9884,227.3935,0.0007370668,-0.0004334241,0.0007570311,-0.001259187,0.001464685,-0.0003688891

,6.22824,0.05227137,0.3844585,-0.3639523,19.20246,345.1116,353.0994,-0.2240183,0.1623963,-0.09749055,322.1733,34.38677,268.5568,0.3686704,-0.1953075,0.1636453,1.691993,0.8113368,0.8264379,-0.2088914,-0.6802939,-0.04710704,354.2166,326.9779,227.3929,0.000234368,-0.0008034905,-0.0007187797,0.0007366011,-0.002293615,-0.001455984

,6.239098,0.05288303,0.3850216,-0.36377,18.63508,344.8715,352.8405,-0.2247427,0.1630152,-0.09448731,321.9909,32.29572,272.1206,0.2322437,-0.1158073,0.1933206,1.806161,0.617192,1.744869,-0.2088761,-0.6802958,-0.04711202,354.2135,326.9851,227.3939,0.0005288345,-0.0006184866,-0.0006507226,-0.0007254391,0.001410621,-0.001285549

,6.251303,0.05351305,0.385618,-0.3638484,18.056,344.5774,352.6173,-0.2264173,0.1639385,-0.09159407,321.8258,30.06124,276.0053,0.1044568,-0.04818455,0.2198051,1.892897,0.4808384,2.539545,-0.2088741,-0.6803192,-0.04712757,354.2222,326.9832,227.3969,0.0004887027,-0.001094343,-0.0008163503,0.002181092,0.0005243174,0.002957475

,6.261382,0.0539403,0.3865145,-0.3636532,17.47654,344.2828,352.4008,-0.2288162,0.1651615,-0.08795547,321.5772,27.25069,279.9238,-0.008549011,-0.001033342,0.2516774,1.886744,0.138791,3.06707,-0.208921,-0.6803123,-0.04734024,354.2097,326.9776,227.3966,7.297978E-05,-0.001352761,-0.002407041,0.0007270044,-0.002294146,-0.001454561

,6.272509,0.05468464,0.387262,-0.3632862,16.77036,343.9229,352.1399,-0.231506,0.1653911,-0.08406633,321.6098,24.31715,283.9888,-0.08471723,0.0187818,0.2739941,1.944366,-0.08327939,3.456691,-0.2088562,-0.6802491,-0.04737169,354.209,326.9821,227.3913,0.001233127,-0.001339244,-0.002201668,0.002342019,0.0008127975,-0.001914888

,6.283913,0.05533969,0.3880073,-0.3628603,15.9685,343.5774,351.7309,-0.2368467,0.1660197,-0.08096841,321.5886,20.44958,289.3438,-0.1998598,0.04047685,0.2895248,2.062816,-0.2817759,4.1744,-0.2088554,-0.6802596,-0.04740512,354.2082,326.9781,227.3955,0.0008263359,-0.001235952,-0.00242444,0.0007775515,-0.0014132,-0.0002382542

,6.294769,0.0557189,0.3890859,-0.3623986,15.1327,343.2362,351.278,-0.2428159,0.1673467,-0.07711002,321.5952,16.13605,295.4081,-0.302453,0.06024997,0.3044916,2.100884,-0.4189163,4.929503,-0.2087429,-0.6803101,-0.0470888,354.2128,326.9865,227.3945,0.001415155,-0.0005894417,0.0002779721,-0.004767545,0.0006144026,0.001317128

,6.305951,0.05637491,0.3898853,-0.3619258,14.31812,342.8775,350.7278,-0.2481583,0.1674186,-0.07417965,321.7522,12.50478,300.5242,-0.4033843,0.06007181,0.3160297,2.199262,-0.5381761,5.756928,-0.2087409,-0.6803466,-0.04708025,354.2198,326.9827,227.3955,0.001160896,-0.001462336,0.0004511877,-0.001370408,-0.001205892,0.003423885

,6.317114,0.05700767,0.3906218,-0.3615448,13.52446,342.5191,350.1725,-0.2558519,0.1666099,-0.07185608,322.5688,7.510893,307.7717,-0.5055876,0.04137586,0.3084287,2.383854,-0.5831485,6.620504,-0.2087301,-0.6803509,-0.04707572,354.2187,326.9827,227.3882,0.001056476,-0.001148341,0.0004639202,0.0007940727,-0.001408198,-0.0002410349

,6.328304,0.05724883,0.3916197,-0.3614694,12.6637,342.1654,349.6188,-0.26466,0.1657861,-0.06827164,324.0013,2.402214,315.3926,-0.594716,0.009237931,0.3098968,2.5459,-0.6453549,7.378531,-0.2087833,-0.680298,-0.04714343,354.2217,326.9825,227.3939,0.000942912,-0.001289049,7.872874E-05,0.001594473,-0.0003066214,0.002650518

,6.339865,0.05799365,0.3921435,-0.3611335,11.82761,341.767,349.018,-0.2724504,0.1633991,-0.06469452,325.9168,357.7401,322.5881,-0.6397011,-0.02305244,0.3076142,2.645165,-0.6875637,7.840211,-0.2087743,-0.6802801,-0.04714045,354.2136,326.9849,227.3956,0.0008594107,-0.0004220312,0.0001060696,-0.002394365,0.0006811644,0.0002400219

,6.350693,0.05871868,0.3926966,-0.3607279,11.13258,341.3882,348.5137,-0.2815421,0.1606545,-0.06347188,328.2191,352.9786,330.3741,-0.7016038,-0.07040293,0.2703167,2.664712,-0.6424764,8.537785,-0.2087686,-0.6802777,-0.04714251,354.2115,326.9826,227.3944,0.0007971705,-0.0001990326,4.544851E-05,-0.0024449,-0.0002017224,-0.0009797277

,6.362076,0.05914927,0.3933816,-0.3603424,10.61954,340.9749,348.0672,-0.291034,0.1584738,-0.06211171,330.5516,348.5912,338.2851,-0.7434549,-0.1092389,0.2230953,2.417504,-0.5745771,9.086411,-0.2088946,-0.6803278,-0.04696694,354.2207,326.9842,227.397,-0.0005698541,-0.000734681,0.001267215,-0.001035277,-0.001523832,-7.153671E-05

,6.372904,0.0599004,0.393806,-0.3599604,10.18828,340.6,347.6277,-0.2989863,0.1550829,-0.0611136,332.846,344.8419,345.1947,-0.753344,-0.1296921,0.1792486,2.065332,-0.5645032,9.259476,-0.208905,-0.6803509,-0.04695797,354.2248,326.9827,227.3954,-0.0006862283,-0.001097014,0.001100392,0.001500385,-0.002068052,0.0002173337

,6.38449,0.06108308,0.3938968,-0.3597594,10.12887,340.1702,347.2682,-0.3048524,0.1539263,-0.06426328,333.5714,342.2096,349.6691,-0.7549204,-0.1510535,0.08018842,1.392818,-0.6053823,9.230258,-0.208887,-0.680355,-0.04693893,354.2198,326.99,227.3972,-1.586493E-06,-0.0009085442,0.001402997,-0.001956455,0.002129778,-0.0008169141

,6.395554,0.06196606,0.3943515,-0.3597716,10.14964,339.6812,347.0511,-0.3123938,0.1530865,-0.06602389,334.9409,339.0511,355.3496,-0.7270662,-0.1538968,0.006996719,0.7630004,-0.6969641,8.74462,-0.208832,-0.6802677,-0.04700771,354.2168,326.9872,227.3929,0.0008165321,-0.0008954292,0.0007112736,-1.417781E-05,0.0007509066,-0.000836636

,6.406472,0.06297719,0.3944579,-0.3597759,9.981675,339.1898,346.9466,-0.3183022,0.1509271,-0.06765908,336.0162,336.5748,359.1756,-0.6678827,-0.1663568,-0.04912607,0.3275557,-0.8677625,7.688117,-0.2088205,-0.6802889,-0.04700312,354.2198,326.9863,227.3966,0.0009787818,-0.001241515,0.0006611024,0.0001966507,0.001021322,0.001750175

,6.417836,0.06422472,0.3943027,-0.3598531,9.76829,338.7286,346.9602,-0.3232863,0.1488487,-0.07048297,336.9017,334.7094,1.25069,-0.5838643,-0.1746892,-0.09514557,0.1612157,-1.056306,6.176191,-0.2088107,-0.6803113,-0.04699564,354.2195,326.9853,227.3937,0.0009560517,-0.001444227,0.000642338,0.00068723,8.788601E-05,-0.000385778

,6.428874,0.06479585,0.3944538,-0.3597082,9.631054,338.3953,347.0225,-0.3252536,0.1489518,-0.07240865,337.5776,333.6458,2.168894,-0.4720165,-0.1602456,-0.1134691,0.225686,-1.097582,4.624329,-0.208904,-0.6802267,-0.04710075,354.2164,326.9853,227.4015,0.00061072,-0.001211852,3.188332E-05,-0.00110079,0.0008514785,0.0009984553

,6.439991,0.06568944,0.3944781,-0.3592617,9.610999,338.1458,347.116,-0.3275223,0.1464406,-0.07349366,338.49,332.6459,3.121124,-0.4003998,-0.1614016,-0.1141021,0.3283051,-1.073058,3.716932,-0.2089041,-0.6802393,-0.04710984,354.2134,326.9848,227.3982,0.0004476495,-0.001109397,-0.0002290295,-0.001311574,0.0005808903,-0.001588349

,6.451266,0.06651795,0.3945552,-0.3588506,9.54977,338.0703,347.1063,-0.329183,0.1449717,-0.07463935,339.1149,332.1503,2.987504,-0.3110474,-0.1545946,-0.1143209,0.4928933,-0.9945281,2.589534,-0.208895,-0.6802639,-0.04711267,354.2145,326.9843,227.4021,0.0005417016,-0.001435389,-0.0002366891,-0.001692405,1.91634E-05,0.000695027

,6.462469,0.06733954,0.3945829,-0.3585336,9.438247,338.0851,346.9647,-0.327718,0.1456782,-0.07567048,339.1591,332.2458,2.40415,-0.2191373,-0.1295076,-0.1163374,0.5355647,-0.8447809,1.763086,-0.2088861,-0.6802565,-0.04707584,354.2184,326.9827,227.3935,0.0005531699,-0.001627826,-8.49371E-05,0.001337586,-0.001458401,-0.001153489

,6.473531,0.06814241,0.3949027,-0.3581663,9.292822,338.0108,346.6278,-0.3272187,0.1439241,-0.0765909,339.4438,332.1749,2.118772,-0.1460876,-0.1204483,-0.1114205,0.5421009,-0.6521676,1.103005,-0.2088883,-0.6802698,-0.04708451,354.2209,326.9789,227.3948,0.0002408997,-0.001497525,-0.0003477608,0.001607649,-0.003566125,0.0003609686

,6.484766,0.06905365,0.3951607,-0.3578135,9.038723,337.862,346.3113,-0.3270787,0.143039,-0.07671785,339.6777,332.2571,1.557318,-0.08579411,-0.1096761,-0.09468552,0.5717071,-0.4808852,0.5025201,-0.208881,-0.680271,-0.04708862,354.2162,326.9808,227.3947,0.00035568,-0.001062377,-0.0003577847,-0.0004965955,-0.001577078,-0.0009916204

,6.496039,0.06939113,0.3957738,-0.3574024,8.806141,337.7484,346.0043,-0.3267759,0.1421149,-0.07776731,339.9562,332.2527,0.9770964,-0.04883701,-0.1032145,-0.09171572,0.6316478,-0.4293943,0.1454563,-0.2091012,-0.680261,-0.04705435,354.226,326.9826,227.4014,-0.001135939,-0.001243982,0.0001134648,0.0007989763,-0.001405106,-0.0002265115

,6.507046,0.07034969,0.3960077,-0.3569972,8.707842,337.6776,345.7817,-0.3254551,0.1401386,-0.07856068,340.3104,332.2292,0.1866604,-0.01416448,-0.1078961,-0.08989902,0.7292126,-0.4280328,-0.1185374,-0.2091143,-0.6802851,-0.04704797,354.2261,326.9824,227.4031,-0.001208916,-0.001524214,0.0002220246,0.0002578508,-0.001354647,0.0006897259

,6.518475,0.07062471,0.3966622,-0.3566822,8.607742,337.6038,345.6915,-0.3241655,0.1384561,-0.07941398,340.9915,331.9965,359.342,0.02636519,-0.1185463,-0.0918119,0.9384046,-0.5222718,-0.2757815,-0.2091287,-0.680302,-0.04704008,354.226,326.982,227.4032,-0.001214772,-0.001582203,0.0003576174,0.0002578439,-0.001354645,0.0006897323

,6.529403,0.0711863,0.3971932,-0.3563054,8.466594,337.6593,345.7051,-0.3239523,0.1360347,-0.08073473,341.9896,331.6045,359.2333,0.0326984,-0.1386149,-0.09896242,1.083077,-0.5553614,-0.0324024,-0.2089194,-0.6802846,-0.04721197,354.2108,326.9791,227.3981,0.0006813487,-0.001156965,-0.001281465,-0.0005034143,-0.001578273,-0.0009906644

,6.540569,0.07198596,0.397426,-0.3558757,8.294398,337.6857,345.6366,-0.3234069,0.1343743,-0.08145583,342.8439,331.3933,359.5994,0.03681974,-0.1500255,-0.09874889,1.137858,-0.4805085,0.3206779,-0.2089212,-0.6802734,-0.04723567,354.2022,326.9754,227.3987,0.0004229172,-0.0005098386,-0.001526409,-0.003681104,-0.002749331,-0.002802842

,6.551731,0.07294106,0.3976163,-0.3555821,8.050599,337.7125,345.5294,-0.3230666,0.1322033,-0.08223525,344.2775,331.0598,0.7703185,0.03261963,-0.1624993,-0.09101399,1.123122,-0.3210482,1.017286,-0.208905,-0.6802939,-0.04723898,354.2104,326.9824,227.3941,0.0007257435,-0.0008029829,-0.001324357,0.001060869,0.0006478953,-0.002667216

,6.562958,0.07365644,0.3979867,-0.3554035,7.738121,337.7878,345.296,-0.3243605,0.1289071,-0.08282164,345.7725,330.7843,2.421166,0.01045937,-0.1793953,-0.08094989,1.02003,-0.1347508,1.674016,-0.208837,-0.6803278,-0.0471105,354.2225,326.9815,227.3884,0.0007638216,-0.0008545915,-0.0005925063,0.003334366,-0.001950388,5.067923E-05

,6.573988,0.07453787,0.398244,-0.3551289,7.452066,337.7364,345.0316,-0.3242766,0.1267639,-0.08345091,347.1625,330.5403,3.909932,0.004736374,-0.1795545,-0.07247795,0.9409072,-0.037608,2.060502,-0.2088242,-0.6803223,-0.04711843,354.2167,326.9833,227.3831,0.0008496288,-0.0004922016,-0.0006196294,0.001720837,-0.0008945668,-0.003437832

,6.585473,0.07562983,0.3983581,-0.3549255,7.15548,337.6908,344.8112,-0.324553,0.1245611,-0.08398673,348.6664,330.2535,6.128967,-0.007546772,-0.1768371,-0.06547327,0.7723502,0.06587584,2.611927,-0.2087979,-0.6803297,-0.04711336,354.2161,326.9888,227.3889,0.00128839,-0.0005915605,-0.0003231729,-0.0001218488,0.002247858,-0.000983818

,6.596536,0.07645547,0.3987751,-0.3547816,6.921249,337.6669,344.6724,-0.326445,0.1217104,-0.08420792,350.1057,330.0219,8.51409,-0.02919267,-0.1795763,-0.0581135,0.5773118,0.1477301,3.041014,-0.2087301,-0.6803855,-0.04700112,354.2161,326.9856,227.3872,0.0008959257,-0.0002587009,0.0003329067,-0.001731769,-0.0008587393,-0.0005289902

,6.608176,0.07734275,0.3989046,-0.3546488,6.661517,337.588,344.6031,-0.3266165,0.1198827,-0.08457941,351.1381,329.81,10.7111,-0.02848088,-0.1698817,-0.05223683,0.3203004,0.1828699,3.204247,-0.2087113,-0.6803964,-0.04699925,354.2168,326.9876,227.3849,0.001073207,-0.0003866137,0.0002170743,-0.0005989127,-7.711513E-05,-0.001141684

,6.618844,0.07776272,0.3992176,-0.3549411,6.433276,337.4755,344.6473,-0.3268098,0.1184653,-0.08488309,351.9424,329.6659,12.43522,-0.02599685,-0.1566668,-0.04591192,0.1462348,0.1890859,3.116168,-0.2087058,-0.6804088,-0.04699588,354.2206,326.9867,227.3875,0.0008617727,-0.0005679303,0.0002081448,0.0008544626,-0.0005206739,0.0009796659

,6.630499,0.07872427,0.3992891,-0.354875,6.222971,337.3588,344.6621,-0.3275189,0.1181253,-0.08472854,351.6722,329.6661,12.75082,-0.01699638,-0.1289287,-0.03253727,-0.05603266,0.1682345,2.491483,-0.2087753,-0.6803371,-0.04719874,354.2052,326.9888,227.4015,0.0008266961,-0.0004224041,-0.001142634,-0.004337349,0.002061672,0.0002580763

,6.641378,0.08188784,0.397728,-0.3546428,6.033073,337.2313,344.6884,-0.3272375,0.1170422,-0.08481392,351.9709,329.6251,13.52251,-0.007521953,-0.1130276,-0.02622999,-0.1056356,0.1487354,2.086119,-0.2087626,-0.6803414,-0.04722688,354.2026,326.9849,227.3931,0.0009232628,-0.0003460588,-0.001544544,-0.002654913,-0.0004687376,-0.003562698

,6.652675,0.08267248,0.3978002,-0.3546835,5.798878,337.0721,344.6577,-0.3273491,0.1168684,-0.08459133,352.0124,329.5517,13.71628,-0.0008069901,-0.08761252,-0.01497553,-0.1115364,0.0820979,1.501864,-0.208748,-0.6803693,-0.04724264,354.2134,326.9861,227.3921,0.001030527,-0.0009667719,-0.001488164,0.002517461,0.0002083199,-0.0005454749

,6.664711,0.08346081,0.3979142,-0.3547037,5.569566,336.8861,344.5503,-0.3273253,0.1167305,-0.08471051,352.0158,329.415,13.30049,0.003505738,-0.06458687,-0.01165579,0.03173285,-0.05134797,0.8314203,-0.2087524,-0.6803409,-0.04714155,354.216,326.9842,227.3904,0.001023073,-0.0006415693,-0.0005175299,0.0007996484,-0.001404393,-0.0002361376

,6.675226,0.08396399,0.3981591,-0.354827,5.453313,336.7382,344.3523,-0.3274534,0.1163918,-0.08489579,352.1088,329.2348,13.34691,0.00281151,-0.05453727,-0.01237695,0.0484812,-0.1204634,0.5881461,-0.2087384,-0.6803299,-0.04715139,354.2123,326.9889,227.388,0.001100848,-0.0001343345,-0.0006146043,-0.0001715898,0.001366441,-0.002201476

,6.685655,0.08467519,0.3982117,-0.3550752,5.311,336.6108,344.1845,-0.3277633,0.1166071,-0.08531064,352.0363,328.9856,13.43317,-0.001230871,-0.03846417,-0.0177762,-0.00593183,-0.1929293,0.4016433,-0.2087288,-0.6803433,-0.04715264,354.2154,326.9927,227.3889,0.00105714,-0.0003678907,-0.0004486879,0.0004707936,0.003081561,-0.0006782652

,6.69669,0.08518434,0.3982064,-0.3552921,5.187684,336.5216,344.0149,-0.3281442,0.1172445,-0.08563614,351.6095,328.6799,13.36957,-0.01022401,-0.01427762,-0.02173053,-0.1527277,-0.3058369,0.1762681,-0.2087945,-0.6803397,-0.04722857,354.208,326.9832,227.3958,0.0003112447,-0.0002234486,-0.001099206,-0.003032446,-0.001029889,-0.0012758

,6.708067,0.08582759,0.3981214,-0.3554271,5.135178,336.3729,343.8639,-0.3289062,0.1182232,-0.08618265,351.1234,328.309,13.31762,-0.02107435,0.01114122,-0.02692455,-0.2862077,-0.3887149,-0.03177413,-0.2087847,-0.6803635,-0.04722956,354.2178,326.9849,227.3961,0.0005168261,-0.0007625264,-0.0007409145,0.001438485,0.0003101311,0.001290623

,6.719316,0.08637798,0.3979125,-0.3554314,5.277275,336.2256,343.7636,-0.329662,0.119495,-0.08644798,350.7415,327.9954,13.12718,-0.02779303,0.03114375,-0.02579487,-0.3121763,-0.4314471,-0.2038204,-0.2087758,-0.6803583,-0.04724124,354.213,326.9811,227.3951,0.0005857603,-0.000399115,-0.0008006254,-0.0004967942,-0.001574361,-0.0009868211

,6.730328,0.08682382,0.3977253,-0.3555342,5.471903,336.1143,343.8158,-0.3301725,0.1201508,-0.08662426,350.4562,327.7296,12.94624,-0.03271158,0.03914462,-0.02183476,-0.2821209,-0.4388731,-0.2898432,-0.2087274,-0.6803671,-0.04705915,354.2208,326.9884,227.3921,0.000893837,0.0002288665,0.000683987,-0.002377956,0.0006878668,0.0002469482

,6.741405,0.08722448,0.3974617,-0.3556726,5.60398,336.0393,343.9207,-0.3307937,0.120928,-0.08676335,350.2029,327.5285,12.76101,-0.03555955,0.04460232,-0.01745917,-0.2496682,-0.4116372,-0.3397848,-0.2087229,-0.6803735,-0.04704884,354.2244,326.9879,227.3857,0.0007418143,6.806379E-07,0.0007459013,0.001239835,4.245041E-05,-0.001296761

,6.752558,0.08766174,0.3971101,-0.3558218,5.730389,335.9595,344.0931,-0.3314441,0.1221063,-0.08684444,349.8929,327.4063,12.471,-0.03732143,0.05483662,-0.01101146,-0.2215043,-0.3644862,-0.423858,-0.2087141,-0.6803747,-0.04703552,354.2271,326.9866,227.3897,0.0007378065,-1.592989E-05,0.000840136,0.0008590617,-0.0005197236,0.0009864849

,6.764159,0.08793938,0.3968858,-0.3560592,5.765693,335.9668,344.2587,-0.3318909,0.1231933,-0.08680975,349.4576,327.3762,12.19942,-0.03533877,0.06704473,-0.006471274,-0.2529911,-0.2916651,-0.5043373,-0.2088208,-0.6802629,-0.04717231,354.2219,326.9838,227.3925,0.000260787,0.0003923813,-0.0001601717,0.001342147,-0.001453268,-0.001145795

,6.775105,0.08825946,0.396795,-0.3562416,5.732095,335.9542,344.3052,-0.3322268,0.1243391,-0.08670634,349.0923,327.4797,12.03397,-0.03137532,0.078451,-0.0005007953,-0.3011522,-0.1967823,-0.5581731,-0.2088249,-0.6802541,-0.04716632,354.2231,326.9852,227.3958,4.426118E-05,0.0005326921,5.219408E-05,0.0008515693,-0.0005199214,0.0009901968

,6.786148,0.08875942,0.3966267,-0.3561783,5.654357,336.0163,344.2868,-0.3322761,0.1258008,-0.0861876,348.5936,327.7427,11.76056,-0.02108944,0.0902608,0.009853089,-0.342087,-0.03740616,-0.6163841,-0.208811,-0.6802322,-0.04716486,354.2168,326.9878,227.394,0.000404179,0.0009013049,8.777692E-05,-0.001303299,0.0005863315,-0.001581997

,6.797949,0.08913982,0.3965571,-0.3561968,5.62016,336.1404,344.2639,-0.3325201,0.1268724,-0.08608806,348.2024,327.7594,11.51188,-0.02079257,0.09021641,0.009804113,-0.325751,-0.04299027,-0.6185211,-0.2087367,-0.6803113,-0.04696152,354.2256,326.9912,227.3887,0.0003684023,0.0007112825,0.001550199,-0.0005908281,-7.263861E-05,-0.001131339

,6.80838,0.08953524,0.3965073,-0.3561032,5.554173,336.3317,344.1649,-0.3329583,0.1278967,-0.08616823,347.8475,327.5799,11.184,-0.02578157,0.08895289,0.004635319,-0.2843266,-0.1390839,-0.642299,-0.2087377,-0.6803042,-0.0469414,354.2242,326.9895,227.3888,0.0002119883,0.0007143911,0.001600602,-0.001182507,-0.0009048723,-0.001434924

,6.819827,0.0899415,0.3964118,-0.3559772,5.485584,336.5081,344.0233,-0.3336991,0.1288533,-0.08651686,347.5022,327.1511,10.75529,-0.03716907,0.08637229,-0.00731259,-0.2267468,-0.3334159,-0.6907666,-0.20873,-0.6803061,-0.04692286,354.2247,326.9901,227.3862,0.0003730098,0.0004635473,0.001598591,-4.975094E-05,-0.0001230542,-0.002047634

,6.831285,0.09026539,0.3963984,-0.3558511,5.472067,336.636,343.9016,-0.3346009,0.1296213,-0.08702216,347.0831,326.7452,10.42345,-0.0453905,0.08326714,-0.0190187,-0.234935,-0.452705,-0.7127035,-0.208854,-0.6802195,-0.04691702,354.2266,326.9934,227.3962,-0.0002583249,0.0004598724,0.00165859,-0.001783061,0.001524565,0.0005595846

,6.842003,0.09073627,0.3962481,-0.3557158,5.462235,336.7047,343.8384,-0.3350893,0.1306578,-0.08739409,346.6441,326.5187,10.1997,-0.04489466,0.08384077,-0.02309108,-0.2713995,-0.4539102,-0.6909022,-0.2088563,-0.6802191,-0.04689741,354.2281,326.9959,227.3925,-0.0002100312,0.0003891615,0.001681223,-0.0001093947,0.002256079,-0.0009694243

,6.853232,0.09108722,0.3961331,-0.3558162,5.422897,336.771,343.8798,-0.3353111,0.1310741,-0.08790845,346.4119,326.4405,10.30222,-0.04134602,0.07850102,-0.02773482,-0.3253546,-0.385895,-0.5678942,-0.2088808,-0.6802317,-0.04687092,354.2303,326.9932,227.3933,-0.0006965066,8.576121E-06,0.001902198,0.0005921117,0.001593045,-0.0005187474

,6.864438,0.09139824,0.3960402,-0.3558639,5.335938,336.847,344.0233,-0.3359511,0.1314558,-0.08819795,346.2052,326.2872,10.29847,-0.04092535,0.06757756,-0.02762796,-0.3044857,-0.3372278,-0.4459057,-0.2090932,-0.6801146,-0.04708496,354.2207,326.9885,227.4107,-0.00167323,0.0001757041,0.0002494943,-0.001797243,0.001521161,0.0005678621

,6.875512,0.09182334,0.3959726,-0.3558909,5.242006,336.9319,344.1489,-0.3363613,0.1316299,-0.08852679,346.1237,326.0951,10.46378,-0.04202024,0.05405555,-0.02867315,-0.2828154,-0.3001635,-0.2561069,-0.2091101,-0.6800977,-0.04708308,354.215,326.9898,227.4093,-0.001558352,0.0005880395,0.0002467141,-0.003250791,0.001963876,-0.001553563

,6.886825,0.09229779,0.3959306,-0.3559746,5.127975,337.0741,344.1663,-0.3369139,0.1318159,-0.08877316,346.1245,325.9233,10.64133,-0.04347965,0.04145653,-0.02771949,-0.2382324,-0.2652829,-0.1045827,-0.2091277,-0.6801115,-0.0470849,354.22,326.9917,227.4106,-0.001519701,9.089677E-05,9.681438E-05,-0.001205701,0.002353646,0.0008712453

,6.89781,0.09290934,0.3960043,-0.355914,4.953798,337.2973,344.0564,-0.3375332,0.131826,-0.08899575,346.103,325.8544,10.7471,-0.04263168,0.03059887,-0.0252055,-0.1957999,-0.2017571,-0.03740063,-0.2090204,-0.6800672,-0.04712224,354.2133,326.9868,227.3999,-0.000648452,0.0005229828,-0.0002461545,-0.0007662278,0.000534458,-0.002492316

,6.908898,0.09332418,0.396136,-0.3558009,4.767872,337.5062,343.8998,-0.3375521,0.1318802,-0.08908355,345.9864,325.8461,10.67853,-0.03632991,0.02716278,-0.02164594,-0.1619943,-0.1509466,-0.07110675,-0.2090319,-0.6800562,-0.04712552,354.2098,326.985,227.4033,-0.0007520504,0.0007692125,-0.0002739065,-0.003733105,-0.0003660973,-0.001717513

,6.920118,0.09369612,0.3964157,-0.3555897,4.580813,337.7362,343.6454,-0.3377584,0.1324409,-0.08922139,345.7174,325.8076,10.44712,-0.03054339,0.03232537,-0.02099769,-0.1587228,-0.146497,-0.1949432,-0.209048,-0.6800455,-0.04713997,354.2142,326.9828,227.4037,-0.0009691311,0.0008367294,-0.0006019285,-0.001037057,-0.001522498,-6.139575E-05

,6.931374,0.09395504,0.3966436,-0.3554414,4.422013,337.9381,343.4243,-0.3385037,0.1330801,-0.08977479,345.2589,325.5385,10.20255,-0.03604564,0.04222017,-0.02877943,-0.2174756,-0.248858,-0.3425287,-0.2091156,-0.6801442,-0.04703248,354.2213,326.9936,227.4119,-0.001402626,0.0003358976,0.0004353001,-0.002283713,0.002455648,0.002701774

,6.942804,0.09440577,0.3966726,-0.3553174,4.302795,338.1008,343.3005,-0.3393805,0.1343204,-0.09036008,344.9252,325.2945,9.996718,-0.04213046,0.05441335,-0.03634492,-0.2511903,-0.3375303,-0.448369,-0.2091417,-0.6801332,-0.04703891,354.2145,326.9881,227.4116,-0.001825748,0.000495898,0.0001668695,-0.004108791,-0.0009244795,0.0005720095

,6.953649,0.09476197,0.396749,-0.3552266,4.280738,338.2245,343.2991,-0.3400939,0.1353704,-0.0910936,344.4196,324.9214,9.563288,-0.04826618,0.06583525,-0.04505619,-0.2572593,-0.4583095,-0.6012155,-0.209156,-0.6801544,-0.04703677,354.2212,326.9918,227.4082,-0.001632253,-0.0002617821,0.0001308451,0.0007425863,0.0009784021,0.0008544765

,6.965383,0.09512889,0.3969605,-0.3552711,4.259117,338.352,343.3801,-0.3406643,0.1361903,-0.09151798,344.1422,324.722,9.389327,-0.04981695,0.06692165,-0.04199649,-0.2359919,-0.431007,-0.5479676,-0.2090198,-0.6800786,-0.04709542,354.2068,326.9902,227.4015,-1.504743E-05,0.0005241768,-0.0003373234,-0.002007164,0.001249082,-0.00203052

,6.976235,0.095245,0.3970591,-0.3553657,4.253369,338.4585,343.5433,-0.3416717,0.1372174,-0.09194863,343.9818,324.5759,9.484159,-0.05334871,0.06469605,-0.03824223,-0.2475656,-0.3547198,-0.3881361,-0.2090167,-0.6800781,-0.04710117,354.2106,326.995,227.4009,6.855176E-05,0.0003574347,-0.0003877891,0.0004692553,0.003083232,-0.0006697368

,6.98738,0.09548914,0.3970932,-0.3554842,4.252446,338.5568,343.6135,-0.3423269,0.1373813,-0.09194344,344.0833,324.546,9.76211,-0.05382518,0.0491627,-0.0268303,-0.2024882,-0.2264285,-0.1462481,-0.2090335,-0.680066,-0.04711145,354.2061,326.9903,227.4076,-0.0003317804,0.0005449138,-0.0005287469,-0.00292885,0.0007383885,0.001169236

,6.998979,0.09565639,0.3972108,-0.3556255,4.183968,338.6502,343.6216,-0.3429302,0.1371813,-0.09174651,344.3616,324.5663,9.88893,-0.05285042,0.02855544,-0.01328422,-0.06957766,-0.1309714,0.02448485,-0.2089664,-0.6800174,-0.04710671,354.2074,326.9872,227.4049,0.0002468576,0.0006374522,-0.0004374846,-0.001523854,-0.0005876554,0.002067277

,7.0096,0.09584844,0.397242,-0.355782,4.116731,338.7044,343.6043,-0.3435439,0.1369441,-0.09165508,344.6107,324.5223,10.0354,-0.0533592,0.01313223,-0.006312409,0.009185023,-0.0857521,0.1463649,-0.2089566,-0.6800209,-0.04711032,354.2103,326.9874,227.4057,0.0004065636,0.0003209896,-0.0004005057,-0.0002307155,-0.0004182632,0.002821488

,7.020722,0.09604263,0.3972281,-0.3558809,4.070258,338.8179,343.5742,-0.3440243,0.1362282,-0.09129184,345.0208,324.5306,10.34245,-0.05508851,-0.01045301,0.002830561,0.0807724,-0.02519993,0.3511241,-0.2089573,-0.6800133,-0.04711041,354.208,326.9895,227.3978,0.0002628494,0.000417855,-0.0003320488,0.001232056,4.152943E-05,-0.001294519

,7.031917,0.09619582,0.3973169,-0.3560338,4.017089,338.9025,343.5319,-0.3450397,0.1357505,-0.09132236,345.1977,324.3972,10.64979,-0.05971766,-0.01705328,0.0007932179,0.04452584,-0.04312373,0.4034241,-0.2090073,-0.6799406,-0.04710081,354.209,326.9866,227.3979,-0.0001811808,0.0006499079,-0.000134083,0.0001020499,-0.0007414563,-0.0006808796

,7.043712,0.09633768,0.3973433,-0.3561551,3.979311,338.9315,343.4792,-0.3457465,0.1356549,-0.09163314,345.1411,324.0898,10.81422,-0.06271105,-0.01256121,-0.008494585,-0.03475962,-0.1530385,0.3311233,-0.2090017,-0.6799294,-0.04709435,354.2041,326.9848,227.3973,-2.566079E-05,0.0007405505,7.385186E-05,-0.001782808,-0.001743091,-0.00173842

,7.054379,0.09649944,0.3973112,-0.3563461,3.960845,338.9469,343.4306,-0.3465937,0.1358635,-0.09210363,345.0045,323.7059,10.84235,-0.06547481,-0.003681199,-0.01777549,-0.08079375,-0.2749686,0.2054438,-0.2090023,-0.6799294,-0.04709959,354.2072,326.985,227.4018,-6.92469E-05,0.0005819633,-0.0001329291,-0.001571803,-0.001472248,0.0008483386

,7.066143,0.09656489,0.3972309,-0.356484,3.993466,338.9294,343.4411,-0.3476192,0.1364189,-0.09278065,344.5605,323.1922,10.58197,-0.06856251,0.01463766,-0.03185982,-0.1588598,-0.456557,-0.07158542,-0.2090536,-0.67988,-0.04715315,354.2075,326.9837,227.4014,-0.000468109,0.0006948989,-0.0006499753,-0.001031809,-0.001524404,-6.678772E-05

,7.077124,0.09668696,0.3970878,-0.3565829,4.061577,338.8867,343.5113,-0.348326,0.1368716,-0.09325951,344.304,322.8644,10.47517,-0.0662589,0.02219962,-0.03560221,-0.1793852,-0.489281,-0.1698021,-0.2090617,-0.679865,-0.04716358,354.2058,326.9808,227.4065,-0.0005389582,0.0008929831,-0.0007253356,-0.002705675,-0.002255212,0.001462388

,7.088535,0.09681904,0.3969307,-0.3568759,4.152771,338.8505,343.6445,-0.3486722,0.1373713,-0.09365833,344.0071,322.7308,10.13709,-0.0553613,0.02874012,-0.03316366,-0.1455374,-0.4438118,-0.3158626,-0.2090489,-0.679855,-0.04716235,354.206,326.9889,227.3995,-8.098245E-05,0.0009232495,-0.0005026442,-0.0007101949,0.001415387,-0.001278355

,7.100039,0.09673405,0.3968552,-0.3570084,4.242455,338.8384,343.8329,-0.3484721,0.1376402,-0.09346887,343.9096,322.9092,9.866356,-0.03876984,0.0292339,-0.02074604,-0.07536148,-0.2984807,-0.3766379,-0.2090868,-0.6799341,-0.04731587,354.2084,326.9846,227.3982,-0.0006525656,0.0001354177,-0.001925881,0.003601845,0.0001052413,-0.002366756

,7.110535,0.0967952,0.3967248,-0.3570855,4.301659,338.8635,343.9781,-0.3484774,0.1377988,-0.09329447,343.8359,323.0615,9.59548,-0.02649409,0.02506585,-0.00956544,-0.006012097,-0.1689398,-0.3836069,-0.209093,-0.6799079,-0.04733616,354.1993,326.9835,227.4092,-0.000710736,0.0007536628,-0.002061841,-0.002983,-0.0001491049,-4.853886E-05

,7.12169,0.09686661,0.3966258,-0.3571661,4.310626,338.9519,344.0823,-0.3482447,0.1378927,-0.09244233,343.977,323.5036,9.260404,-0.008582769,0.01462489,0.01212116,0.1302076,0.04479666,-0.3516925,-0.2090904,-0.6799117,-0.04736453,354.206,326.9856,227.4051,-0.0003958753,0.000432019,-0.002153935,0.001277023,0.000920632,-6.919105E-05

,7.133314,0.09699309,0.3965993,-0.3571714,4.243167,339.103,344.0856,-0.3476183,0.137617,-0.09175566,344.2159,324.003,9.030134,0.007729008,0.001043623,0.02685587,0.2375244,0.2302217,-0.2575496,-0.2090665,-0.6799539,-0.04732755,354.2037,326.9847,227.406,-0.000605633,0.0004980486,-0.001827886,-0.001846686,0.0006325401,-0.0006623064

,7.144284,0.09713161,0.3966644,-0.3570735,4.14066,339.2007,344.0022,-0.3472024,0.1371993,-0.09131172,344.3846,324.2741,8.948326,0.01357402,-0.007360328,0.03035026,0.2565314,0.2855096,-0.1617605,-0.2090869,-0.6799597,-0.04735917,354.2063,326.9821,227.4065,-0.0009687743,0.000189848,-0.002100691,-0.0004438075,-0.0006932196,0.0002397668

,7.155305,0.0970813,0.396929,-0.3569784,4.046351,339.2798,343.8608,-0.347479,0.1371539,-0.09129894,344.4503,324.1109,9.502382,0.003426391,-0.007337588,0.01511911,0.05839227,0.1930793,0.09028848,-0.2090976,-0.6799415,-0.04737771,354.2007,326.9845,227.403,-0.001018535,0.0005638635,-0.001962368,-0.001356106,-0.0003015316,-0.002797974

,7.166388,0.09754193,0.396772,-0.3567717,3.956004,339.3522,343.7822,-0.3478096,0.1371468,-0.09164596,344.4129,323.9363,9.867356,-0.004740052,-0.004942603,0.001913202,-0.06218266,0.1024057,0.1808675,-0.2091106,-0.6799608,-0.0472993,354.2054,326.99,227.4025,-0.0007436079,0.0006023941,-0.001073371,-0.0008697277,0.002027741,-0.002639336

,7.177295,0.09760427,0.3968577,-0.3566551,3.90565,339.4517,343.7181,-0.3479195,0.1372224,-0.09213421,344.2868,323.6069,9.993094,-0.01065373,0.0001658026,-0.01382952,-0.1372811,-0.0590732,0.164503,-0.2091292,-0.6799661,-0.0473184,354.2076,326.9859,227.4066,-0.001088781,0.0003748081,-0.001361096,-0.001140582,-2.88848E-05,-0.0002081494

,7.188701,0.09764576,0.3969154,-0.3562732,3.890913,339.5324,343.7137,-0.3480396,0.1373829,-0.09252593,344.1778,323.3833,9.801331,-0.01075453,0.004402987,-0.02056389,-0.09098811,-0.1717144,0.01733894,-0.2091429,-0.679967,-0.0473305,354.21,326.9861,227.407,-0.001103724,0.0002425954,-0.00125761,0.000152505,0.000140644,0.0005461028

,7.199593,0.09766638,0.3968925,-0.3562068,3.889366,339.6097,343.7677,-0.3480909,0.1372385,-0.0926325,344.0915,323.3223,9.600172,-0.006827219,0.005191316,-0.01902825,-0.04053777,-0.1812428,-0.09298085,-0.2091013,-0.6799756,-0.04711977,354.2209,326.9879,227.4003,-0.0008331259,0.0002706186,0.0006149668,0.001456979,0.000311217,0.001298244

,7.210864,0.09774232,0.3968761,-0.35618,3.905635,339.6654,343.8187,-0.3478879,0.1373377,-0.09261918,344.0763,323.4001,9.46105,0.001180501,0.00602787,-0.0125952,0.005705643,-0.1044946,-0.1202391,-0.2091072,-0.6799599,-0.04710868,354.216,326.9921,227.3989,-0.0007408562,0.0005677469,0.0007292326,-0.0001063783,0.002249491,-0.0009706125

,7.222273,0.0977937,0.3968745,-0.3559777,3.909844,339.7061,343.8369,-0.3476251,0.1373253,-0.0926142,344.1169,323.5444,9.423108,0.007651048,0.004377126,-0.006650093,0.03051286,-0.01253669,-0.08843073,-0.2091324,-0.6799639,-0.04710931,354.2183,326.9846,227.399,-0.001139154,0.0002751698,0.0005154375,0.0008148167,-0.001404049,-0.0002248199

,7.233727,0.0977999,0.3967797,-0.3559549,3.934063,339.7657,343.8901,-0.347296,0.1369878,-0.09214249,344.3216,323.9146,9.526608,0.0161295,-0.003320638,0.006774464,0.06778281,0.1648011,0.02102683,-0.2092327,-0.6799496,-0.04710102,354.2232,326.9831,227.4022,-0.001850073,7.884231E-05,0.0005250383,0.0009769079,-0.002015603,0.001146095

,7.244732,0.09781992,0.3967398,-0.3559617,3.92634,339.8273,343.9059,-0.3468767,0.1368691,-0.09166217,344.5125,324.315,9.659986,0.02457333,-0.008866836,0.01818711,0.08613558,0.3166835,0.1119005,-0.2092309,-0.6799325,-0.0470925,354.2148,326.9891,227.4025,-0.001238387,0.0005033158,0.0005861396,-0.002530617,0.00129908,-0.001108143

,7.255824,0.09781849,0.3967317,-0.3559636,3.950009,339.8201,343.8822,-0.3464704,0.1367313,-0.09123012,344.6344,324.5778,9.723096,0.02794298,-0.01020306,0.02173004,0.08406353,0.3459837,0.1341654,-0.2092649,-0.6799535,-0.0470953,354.225,326.9827,227.4001,-0.001685736,-0.0002415723,0.0003792039,0.002811059,-0.001896739,0.0009841853

,7.266819,0.09774899,0.3967435,-0.3560006,4.013743,339.7699,343.8975,-0.3464663,0.1368139,-0.09137553,344.5377,324.5504,9.827272,0.02378346,-0.005244485,0.01330597,0.001391829,0.2722758,0.1163154,-0.2092251,-0.6799575,-0.04720232,354.2104,326.9848,227.4031,-0.001199923,0.0002881027,-0.0004818031,-0.001835052,0.0006338926,-0.000659309

,7.277904,0.0977205,0.3966799,-0.3560682,4.073133,339.7135,343.929,-0.3461716,0.1368914,-0.09145445,344.4129,324.5518,9.856003,0.02168469,0.0008133157,0.00601857,-0.05506517,0.1923646,0.06036548,-0.2092389,-0.6799771,-0.04721096,354.2177,326.9811,227.3955,-0.001158007,-0.0003171625,-0.0005444869,0.003185754,-0.0013375,-0.001300761

,7.289178,0.09773576,0.3965021,-0.3563848,4.1174,339.6148,344.0066,-0.3460599,0.1373713,-0.09182516,344.1223,324.3928,9.610992,0.01798464,0.01350465,-0.006557289,-0.08779648,0.02453228,-0.1273093,-0.2092456,-0.6799487,-0.04722047,354.2041,326.9806,227.4064,-0.001016929,0.0005221311,-0.0006425971,-0.005393619,-0.001098774,-0.0001880142

,7.300502,0.0975337,0.3965125,-0.3565229,4.18575,339.5444,344.0673,-0.3458982,0.1376623,-0.09193605,343.9562,324.3926,9.47106,0.01684403,0.0174776,-0.007612214,-0.0877694,-0.006894971,-0.1876704,-0.2092015,-0.679931,-0.04730904,354.2084,326.9917,227.4065,-8.921345E-05,0.0002480293,-0.001086137,-0.001255873,0.004726451,0.001933885

,7.311547,0.09747672,0.3964303,-0.3566284,4.241088,339.4683,344.122,-0.3456193,0.1378115,-0.0918988,343.8473,324.4418,9.41178,0.01754737,0.01770981,-0.005617158,-0.08763338,0.001885006,-0.1885355,-0.2092376,-0.6799425,-0.04733312,354.2144,326.9802,227.397,-0.0009962606,-0.0001505288,-0.001339416,0.003883374,-0.002001984,-0.0008510886

,7.322998,0.09746873,0.3963488,-0.356678,4.295334,339.3951,344.175,-0.3452854,0.1378342,-0.09159726,343.9008,324.6466,9.45068,0.02082784,0.01316399,0.003076775,-0.05308033,0.09381268,-0.1057213,-0.2092403,-0.6799396,-0.04734516,354.2126,326.9846,227.4033,-0.000738501,-3.228749E-05,-0.001241303,0.0007473148,0.0009714217,0.0008478917

,7.333874,0.09720433,0.396325,-0.3567411,4.324112,339.3669,344.2329,-0.3448843,0.1377931,-0.09129244,343.9904,324.8633,9.529203,0.0241104,0.007672365,0.01010747,-0.02363626,0.1696532,-0.02402632,-0.2092948,-0.6799964,-0.04718357,354.2162,326.9846,227.4021,-0.001299862,1.732132E-05,5.828301E-05,-0.001130009,-2.776764E-05,-0.0002061589

,7.345341,0.09708738,0.3963403,-0.3567821,4.321509,339.3358,344.2323,-0.3444762,0.1373212,-0.09083501,344.1943,325.1306,9.618778,0.02846785,-0.00389372,0.02094435,0.03999168,0.2766621,0.07544408,-0.209321,-0.6800069,-0.04717705,354.2194,326.9818,227.3999,-0.00172276,-0.0002671372,0.0002528343,0.0008140642,-0.001404234,-0.0002206044

,7.355938,0.0969404,0.3964126,-0.3567457,4.285953,339.2906,344.1882,-0.3440458,0.137008,-0.09022105,344.3534,325.3891,9.545792,0.03117403,-0.01185078,0.02836304,0.1047485,0.2993069,0.06756368,-0.2093282,-0.6800076,-0.0471651,354.2171,326.983,227.3986,-0.001405225,-0.0003026197,0.0004544277,0.0006537309,-0.0007919025,-0.001587716

,7.367481,0.09704101,0.3965756,-0.35677,4.2252,339.2374,344.1051,-0.3438551,0.1368554,-0.09006077,344.4066,325.3893,9.283922,0.02647331,-0.01353495,0.02413968,0.1623001,0.1703747,-0.03401252,-0.2090524,-0.6800023,-0.04712528,354.2125,326.9807,227.3905,0.0002966003,0.0005384338,0.0004098347,-0.00101752,-0.001524916,-7.112842E-05

,7.378247,0.09698749,0.3965843,-0.3567774,4.179238,339.2507,344.0581,-0.3437978,0.1368765,-0.09008685,344.3899,325.2242,9.049419,0.01772186,-0.006640029,0.01559161,0.1690991,0.01646629,-0.1110554,-0.2090369,-0.6799959,-0.04712039,354.2097,326.9841,227.3879,0.0006372564,0.0005429584,0.0004179587,-0.00128722,0.0005828643,-0.001585644

,7.389622,0.09704268,0.3965504,-0.3566321,4.171615,339.2681,344.0463,-0.3441449,0.1368568,-0.09040678,344.2576,324.8257,8.725857,0.004167418,-0.005275078,0.001291312,0.1505918,-0.2006789,-0.2231745,-0.2090513,-0.6799918,-0.04711926,354.2101,326.9811,227.3888,5.372292E-05,0.000566738,0.0003083012,-0.001177667,-0.0009124815,-0.001438237

,7.400772,0.09709728,0.3965739,-0.3565618,4.181798,339.3435,344.0794,-0.3446237,0.1369953,-0.09090939,344.0446,324.4657,8.476264,-0.0058688,0.001997903,-0.0149165,0.09100351,-0.3441284,-0.3062552,-0.2090006,-0.6799966,-0.04699874,354.2167,326.9818,227.3906,0.0003475129,0.0006923421,0.001074526,-0.0009627663,-0.0006406295,0.001147693

,7.411902,0.09710789,0.3966342,-0.3564953,4.190365,339.4165,344.1126,-0.3447342,0.1375494,-0.09142965,344.1059,324.336,8.505292,-0.006844389,0.01377464,-0.02301068,0.0779709,-0.2994862,-0.1919735,-0.2089978,-0.6799957,-0.04698485,354.2229,326.983,227.3905,0.0002719917,0.0005098849,0.001085085,0.001623385,-0.0003025141,0.002656488

,7.423071,0.09719658,0.3966744,-0.3564605,4.163228,339.5194,344.1029,-0.344264,0.138047,-0.09189028,343.6979,324.5078,8.352664,0.006075998,0.02476897,-0.02462314,-0.04068051,-0.1703735,-0.3009373,-0.2089764,-0.6799847,-0.04697415,354.2162,326.9864,227.3821,0.0007773936,0.0006615703,0.001127828,0.001092247,0.0006522987,-0.002664477

,7.434462,0.09792459,0.3963878,-0.3563346,4.129161,339.5638,344.0502,-0.3439244,0.1385595,-0.09175637,343.5151,324.6941,8.202707,0.01262159,0.03215121,-0.01415673,-0.06574358,-0.0434179,-0.309179,-0.2089781,-0.6799511,-0.04711396,354.2082,326.9814,227.389,0.0009371663,0.0008260691,-0.0001699517,-0.002471292,-0.001082306,-0.002192237

,7.445386,0.09798348,0.39644,-0.356294,4.094603,339.6189,344.0291,-0.343003,0.1389956,-0.09176621,343.3036,325.0965,7.953997,0.03045288,0.03692843,-0.008597555,-0.06458277,0.1249866,-0.3562184,-0.2089666,-0.6799558,-0.04711097,354.2156,326.9849,227.388,0.0009586629,0.0004396693,-2.977112E-05,0.001298337,0.0009203374,-7.64611E-05

,7.45673,0.09803987,0.3964683,-0.3563646,4.084276,339.6839,344.0211,-0.3422747,0.139514,-0.09116372,343.1055,325.59,7.61251,0.04157363,0.04001935,0.005655535,-0.04131473,0.2671708,-0.4222062,-0.2089654,-0.6799389,-0.04711229,354.2105,326.9806,227.3925,0.0007389787,0.0007493161,-4.980043E-05,-0.002260553,-0.0008118522,0.0003945401

,7.468047,0.09801352,0.3965026,-0.3563759,4.058027,339.7398,344.0536,-0.3417064,0.1400949,-0.090974,342.8763,325.987,7.258335,0.04807124,0.04601001,0.009238069,-0.03034735,0.3222611,-0.4849004,-0.2091118,-0.6798939,-0.04727218,354.2083,326.9871,227.4016,0.000250058,0.0006235307,-0.001148263,-0.002596577,0.003672741,-4.091796E-05

,7.479009,0.09807181,0.3964596,-0.3563752,4.060025,339.8051,344.0818,-0.3409016,0.1404974,-0.09091264,342.6432,326.1844,6.933544,0.0498308,0.04796902,0.006640885,-0.02985767,0.2799359,-0.5114079,-0.2091259,-0.6799046,-0.04729563,354.2157,326.9762,227.3954,-0.0001561021,0.000245485,-0.001411928,0.002052009,-0.002121809,-0.0006903839

,7.490762,0.09811294,0.3963883,-0.3563398,4.07824,339.8824,344.1439,-0.3410344,0.1414149,-0.09095961,342.4985,325.9653,6.941029,0.03258935,0.05585694,-0.003540799,-0.08728635,0.09870335,-0.3899616,-0.209124,-0.6799015,-0.04731083,354.2168,326.981,227.3947,-0.0001374031,0.0002225013,-0.001409422,0.002533898,0.0002057914,-0.0005345026

,7.501273,0.09804225,0.3962852,-0.3563323,4.113678,339.9409,344.1814,-0.3412992,0.1412984,-0.0911586,342.4273,325.7637,7.165858,0.01857341,0.05228531,-0.0120574,-0.1610159,0.005189922,-0.2389447,-0.2092123,-0.6798805,-0.04725319,354.2185,326.9853,227.3996,-0.0004676786,0.0002522893,-0.0009234287,5.225665E-05,0.001634107,0.0003995044

,7.512606,0.09806025,0.3961892,-0.3563193,4.153538,339.9774,344.2095,-0.3416276,0.141654,-0.09164116,342.3751,325.4163,7.563363,0.001285707,0.04899131,-0.02162663,-0.2320292,-0.1061491,-0.02760977,-0.2092168,-0.6798626,-0.04725918,354.2169,326.9881,227.3986,-0.0004510204,0.0006630466,-0.0007973018,-0.0006491397,0.002297087,-5.137299E-05

,7.52369,0.09806132,0.3961453,-0.3561819,4.229388,340.0229,344.2477,-0.3419743,0.1418881,-0.09189364,342.4402,325.1798,7.824506,-0.00899237,0.03961921,-0.02181644,-0.2031537,-0.1489404,0.09961439,-0.2092288,-0.6798476,-0.0472759,354.2162,326.984,227.3986,-0.000661506,0.0008169812,-0.001034154,-0.0004295254,-0.0006935026,0.0002435018

,7.534801,0.09806371,0.3961209,-0.3562455,4.274147,340.0676,344.2776,-0.3423804,0.1415035,-0.09178928,342.5308,325.0991,7.966917,-0.01343681,0.02701746,-0.01562398,-0.1491753,-0.1246271,0.1493711,-0.2089757,-0.6799308,-0.04707801,354.2203,326.991,227.3868,0.001132595,0.0008545042,0.0005429576,0.0007630393,0.0009740592,0.0008411548

,7.546174,0.0980233,0.3960565,-0.3563025,4.322894,340.0691,344.3052,-0.3423281,0.1411779,-0.09149569,342.7107,325.1901,8.113737,-0.01047209,0.01339777,-0.004029557,-0.07677811,-0.03135617,0.2062926,-0.2089546,-0.6798993,-0.04707766,354.2124,326.9921,227.3871,0.001347214,0.001436616,0.0003655572,-0.002524589,0.001299173,-0.001118163

,7.557182,0.09798276,0.395981,-0.3563626,4.372676,340.0322,344.3608,-0.3422685,0.1408185,-0.09107363,342.8961,325.3866,8.280514,-0.00579686,-0.0001886452,0.007919115,-0.02546745,0.08704133,0.2480674,-0.2089342,-0.6798962,-0.04707283,354.2155,326.995,227.3866,0.001484945,0.001096647,0.0003869121,-0.0006396212,0.002300383,-6.040513E-05

,7.568188,0.09789193,0.3959551,-0.3564112,4.460414,339.9766,344.4307,-0.3422939,0.1399623,-0.09049451,343.088,325.6475,8.386443,-0.001417233,-0.01622206,0.01895847,0.02709234,0.1956671,0.2593386,-0.2089614,-0.6799268,-0.04709762,354.2213,326.9879,227.3912,0.0007741033,0.0004828583,0.0001100368,0.00103175,-0.001134023,0.002357651

,7.579659,0.09778965,0.3958501,-0.3564536,4.522607,339.9297,344.4746,-0.3422037,0.1395105,-0.09017062,343.2133,325.818,8.427782,0.001579722,-0.02546289,0.02394192,0.06010128,0.2421558,0.2539192,-0.2089478,-0.6799048,-0.0470897,354.2141,326.9955,227.3887,0.001059147,0.0008903116,0.0003249382,-0.001342285,0.002963212,-0.0005090241

,7.590553,0.09764218,0.3957143,-0.356616,4.5468,339.8936,344.5337,-0.3422401,0.1392469,-0.08997437,343.1672,325.783,8.343092,0.0009086457,-0.02466225,0.02043856,0.04249341,0.1412358,0.128617,-0.2089572,-0.6798936,-0.04709604,354.2159,326.9845,227.3889,0.0004249722,0.0008789408,4.665638E-05,-0.0002025986,-0.003681222,0.0005310114

,7.602026,0.09786701,0.3953803,-0.3565992,4.593285,339.8503,344.5598,-0.3422817,0.1385942,-0.0900633,343.2485,325.5585,8.371815,-0.006707459,-0.02947701,0.01065592,0.05179845,-0.001382373,0.1129992,-0.2089658,-0.6798757,-0.04735675,354.205,326.9893,227.3908,0.001119063,0.0006759547,-0.001894368,0.000487185,-0.0001822075,-0.002960374

,7.613161,0.09773791,0.3953146,-0.3566392,4.6509,339.8231,344.584,-0.3425565,0.1383442,-0.0905956,343.2109,325.1988,8.130963,-0.01358728,-0.0268476,-0.005732006,0.08001947,-0.1982717,-0.01869589,-0.2089484,-0.6798633,-0.04737741,354.2047,326.9891,227.3941,0.001228206,0.0008221243,-0.001861209,-0.0005949214,-8.061229E-05,-0.001127847

,7.624789,0.09761453,0.3952526,-0.3566281,4.698366,339.7742,344.5964,-0.3430431,0.1377404,-0.0907504,343.2076,324.8672,7.741189,-0.02160626,-0.03266021,-0.009626804,0.1489228,-0.3412778,-0.1537467,-0.2089115,-0.6798471,-0.04739726,354.1998,326.9931,227.3904,0.001889372,0.001067475,-0.001795197,-0.001616958,0.001806828,-0.004313146

,7.635332,0.09729218,0.3951876,-0.3566407,4.765097,339.7507,344.6071,-0.343621,0.1372353,-0.09091112,343.2455,324.6633,7.470717,-0.02604792,-0.03503016,-0.01086461,0.1857449,-0.3737794,-0.2020666,-0.2090364,-0.6798662,-0.04733258,354.2105,326.9934,227.3949,0.0009270323,6.727417E-05,-0.001129371,0.0005415676,0.000703379,-0.001733458

,7.646846,0.09708703,0.3951334,-0.3566387,4.836962,339.7342,344.6172,-0.3437579,0.136681,-0.09091479,343.3572,324.6077,7.280484,-0.02349941,-0.03670613,-0.008037702,0.2166209,-0.3183484,-0.1819217,-0.2090219,-0.6798652,-0.04735115,354.2103,326.9942,227.3969,0.001000058,3.755727E-05,-0.001256667,5.470293E-07,0.0007540889,-0.0008171691

ShortAudioTest,7.666411,0.09685957,0.3950728,-0.356482,4.898028,339.7071,344.6423,-0.3440777,0.1358236,-0.09035549,343.7109,324.8771,7.701241,-0.020402,-0.04197015,0.00856456,0.156939,-0.02541857,0.1176478,-0.209056,-0.6799151,-0.04718786,354.2238,326.9905,227.3968,0.000194236,-0.0002906718,0.0003039719,0.001574307,-0.001181478,0.001454861

ShortAudioTest,7.673653,0.09669292,0.3949229,-0.3564571,4.964292,339.6992,344.6864,-0.3442098,0.1353053,-0.09012058,343.9363,325.0023,7.925906,-0.01826759,-0.04695768,0.0128061,0.1522402,0.07782555,0.2459766,-0.2090276,-0.6798996,-0.04717124,354.214,327.0013,227.3947,0.0009459667,0.0001960852,0.0007099697,-0.002203512,0.00424133,-0.002313291

ShortAudioTest,7.681008,0.09648645,0.3948261,-0.3564537,5.033366,339.6685,344.7408,-0.3443207,0.1349734,-0.08997917,344.1189,325.0848,8.094286,-0.01704557,-0.04751692,0.01504886,0.1430163,0.1337367,0.3187573,-0.2090435,-0.6799279,-0.04717284,354.2221,326.9922,227.395,0.0003670886,-0.0005996361,0.0005376475,0.001413815,-0.0005690194,8.779085E-05

ShortAudioTest,7.687803,0.09626257,0.3947099,-0.3563643,5.110509,339.6574,344.8029,-0.3444908,0.1346853,-0.08959332,344.3022,325.1448,8.258933,-0.01745415,-0.04632433,0.0179314,0.1363053,0.1572956,0.3674253,-0.2090369,-0.679932,-0.04716921,354.2216,326.9953,227.3945,0.0004628206,-0.0006248949,0.0005123303,0.001303991,0.0009262796,-5.955551E-05

ShortAudioTest,7.698273,0.09609234,0.3946109,-0.3563337,5.215292,339.6479,344.8887,-0.3449401,0.1341742,-0.08958432,344.3984,325.1126,8.390109,-0.02073621,-0.04264386,0.01266929,0.09641355,0.1134372,0.3266308,-0.208935,-0.680041,-0.04712251,354.224,326.9904,227.3899,0.0005319992,-0.001021865,0.0006200152,0.002657197,-0.001284276,-0.0003798858

ShortAudioTest,7.709332,0.09586895,0.3944972,-0.3563015,5.324995,339.6839,344.9869,-0.3451648,0.1340584,-0.08962715,344.3808,325.0217,8.349646,-0.02292298,-0.03568614,0.00745448,0.07769725,0.03884272,0.2364756,-0.2089229,-0.6800474,-0.04710954,354.2218,326.9931,227.3892,0.0006500373,-0.0008668948,0.0007504888,0.00125426,4.184718E-05,-0.001281369

ShortAudioTest,7.720833,0.09563673,0.3943709,-0.3562869,5.404748,339.734,345.0701,-0.3455728,0.1341815,-0.08974209,344.2911,324.8207,8.180348,-0.02641201,-0.02164328,-0.002030269,0.05571983,-0.0953685,0.06859414,-0.2089311,-0.6800586,-0.04711032,354.2231,326.9907,227.389,0.0003505501,-0.001027983,0.0005922065,0.001955739,-0.0006212268,-0.0008306042

ShortAudioTest,7.732173,0.09535027,0.3942785,-0.356208,5.511743,339.7819,345.1314,-0.3461022,0.1342613,-0.09004366,344.1411,324.643,7.98962,-0.02934301,-0.009506783,-0.01043914,0.02937997,-0.1787602,-0.07475039,-0.2089689,-0.6800269,-0.04721385,354.215,326.9857,227.3974,0.0001684033,-0.0005241194,-0.0004871639,-0.002848503,-0.001643038,0.0001084524

ShortAudioTest,7.743233,0.09508359,0.3942156,-0.3561566,5.595587,339.8304,345.187,-0.3462169,0.13416,-0.09016657,344.0569,324.5368,7.849981,-0.02781308,-0.003924504,-0.01266408,0.02235374,-0.1975142,-0.1326903,-0.2089549,-0.6800491,-0.04721093,354.2162,326.9879,227.4006,0.0005060402,-0.000980275,-0.0002319711,-0.002206231,7.211545E-05,0.001631613

ShortAudioTest,7.754127,0.09480894,0.3941672,-0.3560275,5.670972,339.8377,345.2069,-0.3464354,0.1345367,-0.09031707,343.9398,324.4859,7.708405,-0.02469541,0.00755342,-0.01383624,0.007522103,-0.176001,-0.1762429,-0.2089584,-0.6800438,-0.04721385,354.2143,326.9865,227.3992,0.0002414385,-0.0004729631,-0.0002575049,-0.002256822,-0.0008107614,0.0004119242

ShortAudioTest,7.766223,0.09450555,0.3941163,-0.3559831,5.730209,339.8247,345.2425,-0.3466167,0.1348186,-0.09044293,343.8553,324.4714,7.64232,-0.02213434,0.01250377,-0.01286829,-0.01057513,-0.1358799,-0.1677757,-0.208908,-0.6801232,-0.04711822,354.2175,326.989,227.3929,0.0002218798,-0.0005262634,0.0002810488,-0.0005790999,-7.935565E-05,-0.001116985

ShortAudioTest,7.776019,0.0942136,0.3940408,-0.3559576,5.801577,339.7805,345.2828,-0.3466233,0.1350851,-0.09051564,343.7405,324.5466,7.677446,-0.01694109,0.01826124,-0.01070223,-0.05723852,-0.0526534,-0.1333449,-0.2089061,-0.6801347,-0.04710835,354.2205,326.9889,227.3946,0.0002252865,-0.0006901259,0.0004755647,0.0001729546,0.0001404382,0.0005535469

ShortAudioTest,7.787751,0.09387314,0.3939594,-0.355998,5.879626,339.7359,345.3305,-0.3466152,0.1354983,-0.09043086,343.6352,324.6875,7.678874,-0.01124129,0.02348113,-0.006038216,-0.08163577,0.03026669,-0.1191112,-0.208908,-0.6801499,-0.0470953,354.2191,326.9878,227.3904,9.394797E-05,-0.0009083443,0.0006676974,0.0006634069,-0.0007929456,-0.001582464

ShortAudioTest,7.798866,0.09357095,0.3938518,-0.3560051,5.963144,339.686,345.3722,-0.3466024,0.1357815,-0.09040171,343.568,324.7802,7.715184,-0.007915884,0.02642773,-0.003521031,-0.1014434,0.07745742,-0.09567752,-0.2089995,-0.6800896,-0.04725689,354.2192,326.9855,227.4001,-9.674599E-06,-0.001300493,-0.0005976677,0.001458761,0.0003066995,0.001310198

ShortAudioTest,7.809859,0.09326267,0.3937606,-0.3560977,6.063111,339.6909,345.4115,-0.3465673,0.1360435,-0.09040144,343.4726,324.8379,7.700675,-0.00575351,0.0267062,-0.002633158,-0.1029768,0.08437572,-0.0929243,-0.2090257,-0.6800958,-0.04726857,354.2193,326.9773,227.4048,-0.0007140224,-0.001098477,-0.0007189321,4.519485E-06,-0.003414959,0.003134234

ShortAudioTest,7.820924,0.09296238,0.3936014,-0.3560287,6.111969,339.6644,345.3989,-0.3466448,0.136415,-0.09010211,343.3879,324.8538,7.612622,-0.005472018,0.02721431,4.594257E-05,-0.08450122,0.05296766,-0.1200321,-0.2090013,-0.6800917,-0.0472652,354.2087,326.9878,227.396,0.0001229556,-0.0006319055,-0.0004116473,-0.002149399,0.001855572,-0.003383664

ShortAudioTest,7.832243,0.09262371,0.393487,-0.356029,6.239882,339.5755,345.447,-0.346797,0.136644,-0.09018859,343.263,324.8073,7.330122,-0.005522825,0.02604715,-0.002377626,-0.03285852,-0.02362609,-0.2216349,-0.2090083,-0.6802233,-0.04705334,354.2253,326.9834,227.391,-0.0005950601,-0.001296642,0.001026394,0.0007785099,-0.002287144,-0.001430386

ShortAudioTest,7.843217,0.09226286,0.3933892,-0.3559976,6.416271,339.5416,345.5511,-0.346694,0.1368798,-0.09028205,343.1,324.724,6.930718,-0.004197353,0.02671914,-0.005203755,0.01840715,-0.1068177,-0.3372021,-0.2089958,-0.6802484,-0.04703039,354.2297,326.987,227.3968,-8.782794E-05,-0.001563104,0.001318219,0.000930057,0.000361035,0.00222908

ShortAudioTest,7.85449,0.0919143,0.393186,-0.355934,6.553492,339.5565,345.669,-0.3466613,0.1373547,-0.09056824,342.8463,324.5823,6.316758,-0.002323839,0.03079928,-0.01020604,0.07087173,-0.2144596,-0.51051,-0.2090256,-0.6802565,-0.0470272,354.2277,326.9805,227.3977,-0.0008532109,-0.001346796,0.0009931538,-0.0001432977,-0.002798851,0.001769136

ShortAudioTest,7.866169,0.09163308,0.3930073,-0.355886,6.728715,339.6265,345.8009,-0.3466187,0.1379285,-0.09091595,342.5297,324.4356,5.805648,-0.000603223,0.03584887,-0.01598448,0.06207983,-0.2824689,-0.6142719,-0.2088306,-0.6802863,-0.0469676,354.2281,326.986,227.3811,0.0006641545,-0.001439422,0.001333986,0.003797126,-0.0005047222,-0.000994585

ShortAudioTest,7.876983,0.09127164,0.3928443,-0.3558369,6.922438,339.6988,345.8963,-0.3465869,0.1384875,-0.09125301,342.2311,324.3379,5.441216,0.002959484,0.04127154,-0.02096558,0.03253317,-0.3233822,-0.7075518,-0.2088215,-0.6802982,-0.04696357,354.2274,326.9838,227.3888,0.0007781257,-0.001532564,0.001166941,0.001040925,-0.001134995,0.002366778

ShortAudioTest,7.888321,0.09097719,0.3926277,-0.3558475,7.086288,339.7661,346.0105,-0.3460729,0.1393219,-0.09166139,341.7321,324.3175,4.307261,0.01787769,0.04855426,-0.02247156,0.1342187,-0.4009895,-1.058492,-0.2088071,-0.6802815,-0.04695332,354.217,326.9843,227.3873,0.0008958026,-0.0006452987,0.00106177,-0.002998585,-0.001029426,-0.001263298

ShortAudioTest,7.899127,0.0908345,0.3924494,-0.3557938,7.298083,339.8521,346.1159,-0.3447559,0.1405233,-0.09184152,340.9374,324.454,2.187838,0.04735356,0.06531002,-0.02049803,0.339905,-0.5305273,-1.731011,-0.208743,-0.6803678,-0.04701743,354.2239,326.9805,227.3912,0.0008587354,-0.001511691,0.000207538,0.001736997,-0.001799271,0.002816979

ShortAudioTest,7.9109,0.09054148,0.3922417,-0.355742,7.532257,339.9747,346.2556,-0.3431003,0.1418031,-0.09196162,340.0346,324.663,0.06061672,0.07307158,0.08296221,-0.01921176,0.4396847,-0.6032937,-2.220587,-0.2087195,-0.6803871,-0.04702553,354.2236,326.9811,227.3898,0.001194974,-0.001573318,-7.935662E-05,0.001576812,-0.001186716,0.001449924

ShortAudioTest,7.921438,0.09017563,0.3921124,-0.355615,7.827363,340.1322,346.4188,-0.3406445,0.1440202,-0.09240842,338.563,325.1322,357.544,0.1124754,0.1168942,-0.02452966,0.3729913,-0.6156365,-2.806342,-0.2087102,-0.6803857,-0.04702741,354.2262,326.9758,227.3874,0.001071315,-0.00115508,-0.0001104733,0.002928933,-0.003395727,0.001131829

ShortAudioTest,7.933366,0.0897752,0.391929,-0.3555835,8.110965,340.3199,346.5959,-0.3368148,0.1471516,-0.0929732,336.6955,325.9618,354.8209,0.1677888,0.1592363,-0.03109701,0.2032652,-0.528565,-3.368988,-0.2089009,-0.6802734,-0.04713339,354.2203,326.9781,227.3983,0.0002667476,-0.001183606,-0.0006549802,-0.0004217293,-0.0006941429,0.0002528628

ShortAudioTest,7.944252,0.08949614,0.3917145,-0.3555615,8.36708,340.4891,346.7819,-0.3330556,0.1499059,-0.09336767,334.9052,326.9934,351.97,0.2104707,0.1864336,-0.03260656,0.1035771,-0.4351358,-3.790633,-0.2089068,-0.6802977,-0.04714262,354.2213,326.9711,227.3961,4.386072E-05,-0.001433382,-0.0006996992,0.0003391553,-0.003735288,-0.0003686122

ShortAudioTest,7.954838,0.08921397,0.3915937,-0.3554333,8.68177,340.5987,346.9593,-0.3279374,0.1530497,-0.09340134,332.8904,328.779,349.0489,0.3109794,0.2327493,-0.02954802,-0.09959024,-0.1071491,-4.56682,-0.2088819,-0.6802901,-0.04714194,354.2171,326.9822,227.3987,0.0006880753,-0.0009250285,-0.0005499415,-0.001934395,0.002127115,-0.0007963822

ShortAudioTest,7.966896,0.08856797,0.3914534,-0.3554098,8.976019,340.6953,347.1497,-0.3213181,0.1568266,-0.09376994,330.8111,330.8415,345.5858,0.3739882,0.2570343,-0.02656371,-0.2112776,0.1408389,-4.851532,-0.2090591,-0.6802534,-0.0470449,354.2205,326.9829,227.4018,-0.0007332656,-0.0009987995,0.0004569803,-0.00311219,0.0004652861,-0.001395928

ShortAudioTest,7.97719,0.08813548,0.391284,-0.3554434,9.250982,340.8451,347.3314,-0.3138207,0.1601491,-0.09390694,328.6642,333.6803,341.9547,0.4595189,0.2728676,-0.0195653,-0.3827145,0.5781083,-5.125204,-0.2090648,-0.6802794,-0.04704139,354.225,326.9875,227.3994,-0.0006569281,-0.001343562,0.000395066,-9.499954E-05,0.002249002,-0.0009506228

ShortAudioTest,7.988349,0.08772516,0.3910258,-0.3556319,9.468215,341.0178,347.5428,-0.3052927,0.1632124,-0.09372315,326.6876,337.1705,337.8253,0.5453207,0.2744393,-0.01102084,-0.4614944,0.9923006,-5.388462,-0.2090917,-0.6803101,-0.04704431,354.2282,326.9821,227.3958,-0.001149787,-0.001773578,0.0002306005,0.002500344,-0.0006730458,-0.001734097

ShortAudioTest,7.999624,0.08735418,0.3909003,-0.355766,9.688191,341.2374,347.7008,-0.2953587,0.1665579,-0.09411347,324.9311,340.8574,333.3132,0.6140841,0.2764188,-0.01025503,-0.4683448,1.224259,-5.575992,-0.2088509,-0.680286,-0.04712287,354.2144,326.9833,227.3891,0.0006768628,-0.000831514,-0.0003484649,-0.0001490882,0.001362739,-0.002183505

ShortAudioTest,8.010741,0.08686709,0.390732,-0.3558837,9.967296,341.4601,347.8221,-0.2848663,0.1686605,-0.09443662,323.4094,345.1926,328.5443,0.6968369,0.2573224,-0.01299256,-0.4970782,1.552156,-5.754996,-0.2088574,-0.6802899,-0.04712385,354.2124,326.9796,227.3926,0.0002932339,-0.0006908142,-0.0002818187,-0.001713526,-0.0008635785,-0.0005072559

ShortAudioTest,8.021805,0.08631885,0.3905932,-0.3558847,10.26021,341.6667,347.9667,-0.2741227,0.1705782,-0.09511486,322.2118,349.8512,323.9358,0.7645602,0.2315218,-0.02342373,-0.5451359,1.902091,-5.738007,-0.2088456,-0.6802899,-0.04712623,354.2092,326.9837,227.3945,0.0005258731,-0.0004777288,-0.0002725948,-0.003065662,0.001345479,-0.0001893943

ShortAudioTest,8.033494,0.08565652,0.3903937,-0.3560646,10.58083,341.8722,348.1618,-0.2665536,0.171731,-0.09559807,321.6175,353.0164,321.3595,0.8166963,0.199275,-0.03850606,-0.6093174,2.238675,-5.511139,-0.2089281,-0.6803216,-0.04707968,354.2213,326.9831,227.3889,-0.0004478384,-0.001005338,-9.357651E-05,0.00249961,-0.0006747959,-0.001741921

ShortAudioTest,8.044385,0.08515012,0.3900895,-0.3562718,10.87296,342.041,348.3982,-0.2554319,0.1728429,-0.09683132,320.9548,357.4528,317.4613,0.8576605,0.1606861,-0.05921324,-0.6309541,2.494648,-5.199631,-0.2089283,-0.6803247,-0.04707798,354.2197,326.9877,227.3893,-0.0003422751,-0.000794358,-3.960969E-05,0.001147327,0.00153412,-0.001423894

ShortAudioTest,8.055151,0.08425641,0.3900359,-0.3562805,11.23341,342.2213,348.6402,-0.2444415,0.1730675,-0.09864068,320.7275,1.800678,313.8334,0.8851299,0.1129042,-0.08075552,-0.5480457,2.692388,-4.837612,-0.2089272,-0.6803237,-0.04707962,354.2155,326.9864,227.395,-0.0001853476,-0.0005344728,-5.752468E-05,-0.002360811,0.000684369,0.0002669277

ShortAudioTest,8.066586,0.08369744,0.389647,-0.3565993,11.58659,342.34,348.9593,-0.2342507,0.1718513,-0.09976935,320.9402,5.929229,310.652,0.8916492,0.05405936,-0.09048925,-0.366266,2.862581,-4.423923,-0.2088383,-0.6803252,-0.04703599,354.2201,326.9847,227.3864,0.0004109907,-0.0006685296,0.0001270664,0.0008286314,-0.00140506,-0.0002175794

ShortAudioTest,8.077693,0.08311927,0.3892798,-0.3569195,11.95693,342.4171,349.2755,-0.221791,0.1689708,-0.1008364,321.3194,10.01574,307.5298,0.9066773,0.006031551,-0.09531092,-0.2335627,2.974414,-4.122809,-0.2088163,-0.6803359,-0.04701895,354.2203,326.9897,227.3958,0.0008672036,-0.000728102,0.0005341462,-0.001555032,0.001787837,0.003152905

ShortAudioTest,8.088952,0.08223176,0.3891329,-0.3573486,12.41047,342.4693,349.6073,-0.2112118,0.1671777,-0.1029918,322.0988,13.77078,305.1794,0.9054034,-0.04570031,-0.11191,-0.007945674,3.103483,-3.733598,-0.2088243,-0.6803242,-0.04701161,354.2214,326.9897,227.3866,0.0004185883,-0.0002594817,0.000563529,0.001310762,0.0009224865,-6.130435E-05

ShortAudioTest,8.100513,0.08175361,0.3887186,-0.3576881,12.7628,342.5793,349.947,-0.2013251,0.1632199,-0.104444,323.0586,17.31069,303.3798,0.8908728,-0.1082755,-0.1230409,0.2255932,3.28343,-3.287254,-0.2087532,-0.6802865,-0.04698783,354.2155,326.9896,227.379,0.0008376168,0.0002114701,0.0007804812,0.0005099196,-0.0001797238,-0.002954939

ShortAudioTest,8.111121,0.08104932,0.3883862,-0.3580647,13.08934,342.669,350.2616,-0.194337,0.160706,-0.1057495,323.8159,19.57903,302.3594,0.8833969,-0.1455722,-0.1333418,0.3935062,3.382044,-3.04347,-0.2087415,-0.6802891,-0.04698348,354.2174,326.9908,227.3886,0.0009956983,0.0001348107,0.0007169044,-0.001603596,0.0009053503,0.001929936

ShortAudioTest,8.122777,0.08008361,0.3882498,-0.3586728,13.41381,342.7386,350.5304,-0.1844981,0.1566689,-0.1079543,325.2861,22.95336,300.4299,0.8668828,-0.2174129,-0.1525084,0.6415754,3.362615,-3.010431,-0.2087306,-0.6802891,-0.04698306,354.2125,326.9893,227.3833,0.0009674241,9.658955E-05,0.000499152,-0.001865362,-0.0002475386,-0.001876682

ShortAudioTest,8.134423,0.07920384,0.3880376,-0.3590409,13.73735,342.7651,350.7561,-0.1754272,0.1518549,-0.1101413,326.6498,26.32587,298.0806,0.8515926,-0.2600188,-0.1611408,0.6696933,3.263486,-3.141861,-0.2088087,-0.6802467,-0.04701301,354.2154,326.9889,227.391,0.000163484,-0.0001333931,0.0001729988,-0.002787594,-0.0007573892,0.001326498

ShortAudioTest,8.145754,0.07841837,0.3877522,-0.3594217,14.02161,342.828,350.9906,-0.1661311,0.1464329,-0.1125154,328.1994,29.48071,295.4695,0.8252783,-0.3278276,-0.1832437,0.6406211,3.037801,-3.417603,-0.2087941,-0.6802601,-0.04698771,354.2169,326.993,227.3829,0.0004812009,-0.00043648,0.0008328032,0.0005601442,0.0007046546,-0.00173163

ShortAudioTest,8.157046,0.07740414,0.387522,-0.3599947,14.27684,342.8829,351.1986,-0.157186,0.1413776,-0.1150713,329.8318,32.43772,293.1241,0.8079808,-0.3575278,-0.1913875,0.6200811,2.892191,-3.545206,-0.2087995,-0.6802551,-0.04697812,354.2169,326.9908,227.3823,0.0001706965,-0.0001674557,0.0008160787,0.00066969,-0.0007906859,-0.001584389

ShortAudioTest,8.168527,0.07653356,0.3872325,-0.3603721,14.55922,342.8904,351.3946,-0.1490481,0.1361054,-0.1179174,331.478,34.89237,291.4341,0.7709471,-0.3899495,-0.200472,0.6965852,2.739916,-3.420941,-0.2088529,-0.6801649,-0.04724085,354.2081,326.9878,227.3923,0.0001772293,6.063663E-06,-0.001508407,-0.001124139,-2.979304E-05,-0.0002012785

ShortAudioTest,8.180069,0.07564664,0.3869038,-0.3607564,14.87587,342.9084,351.6023,-0.1416739,0.1315423,-0.1200955,332.9706,36.77841,290.8861,0.715619,-0.4021184,-0.1971927,0.9034947,2.64022,-2.931653,-0.2088625,-0.6801795,-0.04726651,354.2097,326.9837,227.3917,-0.0001547685,-0.0003677509,-0.001740833,-0.0003132508,-0.002188177,0.0003971048

ShortAudioTest,8.191426,0.07463741,0.3866377,-0.3611062,15.17478,342.9321,351.8515,-0.1356534,0.1267412,-0.1218907,334.3852,38.17908,290.7578,0.6480274,-0.4093454,-0.1861272,1.102139,2.447621,-2.444792,-0.2087467,-0.6802741,-0.04703435,354.2139,326.9943,227.3861,0.0004771861,0.000210761,0.0001034616,-0.001814379,0.0006386015,-0.0006532185

ShortAudioTest,8.20325,0.07349813,0.3863055,-0.36153,15.41947,342.9117,352.1283,-0.1292385,0.1221343,-0.1242243,335.8234,39.57037,290.5542,0.6062793,-0.4090171,-0.1778956,1.237165,2.272577,-2.144759,-0.2089659,-0.6803089,-0.0470413,354.2238,326.9913,227.392,-0.001387868,-0.0006997469,-1.665816E-05,0.0008820771,-0.000518646,0.001011204

ShortAudioTest,8.21478,0.07272184,0.3859787,-0.3619104,15.67639,342.8743,352.3621,-0.1254419,0.1175842,-0.1247351,337.278,39.9209,291.1895,0.5140318,-0.407409,-0.1426278,1.525963,1.871984,-1.708127,-0.2089788,-0.6803077,-0.04704025,354.217,326.9915,227.3897,-0.001370422,-0.0004986057,1.957134E-06,-0.001163274,-0.0009074953,-0.001413477

ShortAudioTest,8.226548,0.07183814,0.3857789,-0.3622909,15.93682,342.7884,352.5644,-0.1211495,0.113047,-0.1257602,338.687,40.73607,291.3639,0.4684083,-0.4011236,-0.1243722,1.594585,1.706694,-1.541041,-0.2089827,-0.6803287,-0.04704484,354.2224,326.9952,227.3917,-0.001060555,-0.0008872121,-0.0001160695,0.0007723662,0.0009766797,0.0008639355

ShortAudioTest,8.237704,0.07092226,0.3855116,-0.362521,16.18412,342.693,352.7742,-0.1173533,0.1091253,-0.127173,339.8805,41.46284,291.2492,0.4095038,-0.3828302,-0.1086893,1.517554,1.464576,-1.407863,-0.2090198,-0.680281,-0.04720882,354.217,326.993,227.3931,-0.001034752,-0.0008395869,-0.001406232,0.0007153216,9.32225E-05,-0.0003557825

ShortAudioTest,8.249173,0.07018852,0.3852018,-0.3627256,16.41818,342.6806,352.9913,-0.1148796,0.1056393,-0.1277323,340.8194,42.02113,290.8812,0.3473926,-0.3580155,-0.0919662,1.28441,1.21268,-1.3764,-0.2090353,-0.6802849,-0.04722387,354.2169,326.9964,227.3988,-0.001167189,-0.0007023435,-0.001396016,-0.001017385,0.001740394,0.002245744

ShortAudioTest,8.260656,0.0692991,0.385007,-0.3629209,16.62675,342.6985,353.2047,-0.1129602,0.1026824,-0.1286903,341.5459,42.55334,290.3768,0.2866448,-0.3240699,-0.07733466,1.01225,0.9956829,-1.324708,-0.2090722,-0.6803097,-0.0472585,354.2228,326.986,227.3953,-0.001747398,-0.00115174,-0.001867115,0.00238844,-0.003340563,0.002060246

ShortAudioTest,8.272086,0.06874919,0.3846967,-0.3630447,16.79421,342.7472,353.3542,-0.1103979,0.1005193,-0.1290983,342.2192,43.13849,289.9548,0.2545788,-0.2909912,-0.06315043,0.8123431,0.8923267,-1.261928,-0.2089461,-0.6802531,-0.04733315,354.214,326.9925,227.3882,-0.0005176127,-0.0002945125,-0.00223657,0.001254259,4.047277E-05,-0.00127713

ShortAudioTest,8.283589,0.06820941,0.3844,-0.3631461,16.94825,342.8207,353.5015,-0.1110865,0.1014018,-0.1281677,341.7529,43.09038,289.7297,0.1757641,-0.2040725,-0.0257985,0.4100239,0.6361206,-0.9021409,-0.2089469,-0.6802517,-0.04734886,354.2103,326.987,227.3911,-0.0004124193,-0.0002045573,-0.002218162,-0.001062048,-0.002405582,-0.001270976

ShortAudioTest,8.294787,0.06768119,0.3842496,-0.3629846,17.09314,342.9021,353.6653,-0.1108434,0.1012398,-0.1276861,341.5852,43.15825,290.0306,0.1244868,-0.1427228,-0.003760099,0.3133311,0.5116579,-0.4582976,-0.2088196,-0.680302,-0.04716921,354.2209,326.9913,227.3847,0.0002981807,-4.082864E-05,-0.0006082574,0.0008832475,-0.0005208496,0.001002155

ShortAudioTest,8.306812,0.06727684,0.3839864,-0.3630305,17.16734,342.9749,353.8185,-0.1112771,0.1039182,-0.1274781,340.6185,42.75295,290.9818,0.04853901,-0.03384524,0.02809555,0.1708986,0.3085552,0.3146034,-0.2088212,-0.6802946,-0.04717451,354.2208,326.9893,227.3853,0.0001469888,0.0002445445,-0.0005742399,0.0002914442,-0.00135301,0.0006986292

ShortAudioTest,8.317036,0.06691694,0.3837759,-0.3629897,17.29803,343.0124,353.9354,-0.11396,0.1071675,-0.1253512,339.3308,41.95879,291.8454,-0.03949778,0.06562018,0.07708506,-0.08306277,-0.02334798,0.8980041,-0.2088205,-0.6802899,-0.04717809,354.22,326.9911,227.3835,0.000154287,0.0002555007,-0.0004904605,0.0007229205,9.17792E-05,-0.0003648346

ShortAudioTest,8.327792,0.06647503,0.3836684,-0.3628569,17.43358,343.0768,354.0658,-0.1175894,0.1108811,-0.1244367,337.7967,40.75858,292.3083,-0.1297533,0.1551553,0.1123241,-0.4298221,-0.4759042,1.288625,-0.2087765,-0.6802672,-0.04718441,354.2216,326.9906,227.3867,0.0003980939,0.0009829849,-0.0007416294,-0.0003585137,0.0001923685,0.001467653

ShortAudioTest,8.338584,0.06611919,0.3834314,-0.3628013,17.59766,343.1452,354.1957,-0.1214364,0.1163728,-0.1213644,336.0554,39.27872,292.8596,-0.2125907,0.2491226,0.1641343,-0.7735038,-0.9209448,1.624282,-0.2087628,-0.6802503,-0.04719892,354.2154,326.9901,227.3877,0.0006360709,0.001127076,-0.0009021784,-0.002944817,-0.0001455915,-4.087377E-05

ShortAudioTest,8.350348,0.06581271,0.3831959,-0.3627615,17.73059,343.2157,354.304,-0.1271448,0.122268,-0.1179488,334.0436,37.49895,293.677,-0.3003995,0.3342977,0.2084194,-1.066106,-1.312559,1.986724,-0.2087424,-0.680245,-0.04720473,354.2176,326.9938,227.3828,0.000957303,0.0009971965,-0.0007505534,-0.0006791245,0.001417669,-0.001266343

ShortAudioTest,8.361388,0.06533933,0.3831247,-0.3627754,17.86043,343.2777,354.4156,-0.1315809,0.1267684,-0.1156486,332.5104,36.09243,294.3953,-0.3590097,0.3902056,0.2301366,-1.24702,-1.554574,2.25232,-0.2088084,-0.6802398,-0.0472191,354.2184,326.9866,227.3821,-1.018417E-05,0.0008636314,-0.0009771779,0.0007316065,-0.003169083,-0.002654821

ShortAudioTest,8.37246,0.06515527,0.3829331,-0.3627491,17.9526,343.3086,354.5094,-0.1385379,0.1337231,-0.114227,330.0778,33.78675,295.7193,-0.4449073,0.4675567,0.2387981,-1.459948,-1.860936,2.67422,-0.2088063,-0.6802381,-0.04721972,354.2216,326.9894,227.3843,5.449721E-05,0.0006053515,-0.0006636791,0.001424871,-0.0005714475,8.832428E-05

ShortAudioTest,8.383839,0.06496394,0.3827808,-0.3627081,18.04416,343.3654,354.6245,-0.1468374,0.1415851,-0.1111482,327.458,31.14352,297.5289,-0.5288224,0.5371784,0.2497895,-1.649415,-2.079904,3.112164,-0.2087941,-0.6802157,-0.04722866,354.2155,326.9915,227.3821,0.0003832979,0.001001534,-0.000696615,-0.0007299389,0.0005353166,-0.002483694

ShortAudioTest,8.394736,0.06457424,0.3827707,-0.3627192,18.08561,343.379,354.7274,-0.1560596,0.149774,-0.1084278,324.6984,28.13994,299.6692,-0.6116778,0.5927548,0.2464678,-1.841055,-2.274294,3.499553,-0.2087831,-0.6802536,-0.04709461,354.2207,326.9942,227.3808,2.77538E-06,0.001120302,0.0003220342,-0.0006735326,0.001419214,-0.001263281

ShortAudioTest,8.405978,0.06436133,0.3826729,-0.362588,18.13944,343.3963,354.8026,-0.1656035,0.1568559,-0.1083884,322.0643,24.97574,301.8964,-0.6703337,0.6163613,0.2200602,-1.961069,-2.405217,3.721537,-0.2088009,-0.680236,-0.0470984,354.2224,326.9886,227.3811,-0.000439677,0.001350162,0.000145532,-0.0004544127,-0.001571483,-0.0009691555

ShortAudioTest,8.417192,0.06412995,0.3826014,-0.3624879,18.2029,343.4296,354.8835,-0.1763633,0.1647896,-0.1065832,319.3436,21.08555,304.6779,-0.7450395,0.6382895,0.2034107,-2.114919,-2.629148,3.959795,-0.2087988,-0.6802262,-0.04708871,354.2235,326.992,227.3849,-0.0002260371,0.001226404,0.0003772509,-0.001054277,0.0008569399,0.001019964

ShortAudioTest,8.428911,0.06371546,0.3827438,-0.3623964,18.2762,343.4185,354.9227,-0.1877019,0.1719394,-0.1077766,316.7219,16.70071,307.7365,-0.8152737,0.6394267,0.1568547,-2.215032,-2.835052,4.137114,-0.2087929,-0.6801687,-0.04698956,354.2244,326.9888,227.3789,-0.0003798033,0.001701702,0.001026506,-0.0004504385,-0.001570725,-0.0009697919

ShortAudioTest,8.439468,0.06353092,0.3827375,-0.3623611,18.32651,343.4079,354.9326,-0.1972735,0.176796,-0.1073664,315.1348,13.12959,310.5716,-0.8884697,0.623275,0.1284792,-2.234655,-3.003698,4.36396,-0.2087984,-0.6801695,-0.04698601,354.2303,326.9841,227.378,-0.0005255284,0.001261989,0.0008855888,0.002354915,-0.004223755,0.0008326914

ShortAudioTest,8.450582,0.06336749,0.3827653,-0.3623466,18.3686,343.3684,354.9507,-0.2093716,0.1828237,-0.1086618,313.0805,7.904472,314.6352,-0.9330553,0.6012998,0.09317881,-2.204916,-3.122551,4.486601,-0.2087893,-0.680142,-0.04697168,354.2249,326.9869,227.3765,-0.0001150096,0.001574238,0.0009826457,9.067101E-05,-0.001621127,-0.001886099

ShortAudioTest,8.462078,0.06311882,0.382902,-0.3623194,18.41383,343.2863,354.9412,-0.2246256,0.189055,-0.1088927,311.64,1.453159,319.9053,-1.018011,0.5368937,0.05675919,-2.032472,-3.373295,4.708689,-0.2089604,-0.6801175,-0.04703009,354.2284,326.9874,227.3815,-0.001181172,0.0006351423,0.0007059832,0.001921574,-0.001501213,-0.002040462

ShortAudioTest,8.473284,0.06297374,0.3829269,-0.3623047,18.45033,343.2319,354.9285,-0.2420555,0.1973737,-0.1103657,310.6361,355.0705,325.0711,-1.065401,0.5040234,0.0350548,-1.90314,-3.494667,4.793438,-0.2089715,-0.6801006,-0.04702127,354.2254,326.9862,227.3798,-0.001103178,0.0008853188,0.0007226582,0.0006284525,-0.001670236,-0.002794773

ShortAudioTest,8.484563,0.06284451,0.3829545,-0.3622904,18.4808,343.1874,354.9184,-0.2551004,0.2003037,-0.1118822,310.1374,348.3998,330.3105,-1.093328,0.4500812,0.009433138,-1.748878,-3.61975,4.821647,-0.2089933,-0.6800874,-0.04701108,354.2289,326.9834,227.3863,-0.001386114,0.000960898,0.000712487,0.0004080196,-0.002845366,0.000855387

ShortAudioTest,8.495306,0.06263089,0.3832086,-0.3623488,18.51071,343.1144,354.9058,-0.269529,0.2014203,-0.1125249,310.6385,341.7445,335.4711,-1.132187,0.3304073,-0.02253181,-1.404634,-3.775826,4.813209,-0.2089337,-0.6800584,-0.04700154,354.2252,326.9784,227.3826,-0.0006784299,0.001006409,0.0007763159,-0.0001836949,-0.003678885,0.0005471424

ShortAudioTest,8.506672,0.06251907,0.3832549,-0.3623431,18.53327,343.0737,354.9102,-0.2831376,0.2027211,-0.1138601,311.2441,335.5756,340.2057,-1.140361,0.2674668,-0.04084516,-1.234312,-3.813758,4.751268,-0.2089351,-0.6800441,-0.04698572,354.2268,326.9791,227.3853,-0.0005803251,0.00104555,0.0009038199,-0.0001330488,-0.002796298,0.001767069

ShortAudioTest,8.517889,0.06233478,0.3833857,-0.3622648,18.5517,343.0018,354.8925,-0.2917475,0.2017057,-0.1154931,312.0262,331.9157,342.6472,-1.135434,0.1661299,-0.07582574,-0.9716587,-3.851934,4.575499,-0.208936,-0.6800212,-0.04697704,354.2231,326.9776,227.3771,-0.0004401632,0.001411503,0.0009505601,0.0007385231,-0.003167023,-0.002652222

ShortAudioTest,8.528973,0.06250131,0.3833638,-0.3622161,18.58946,342.9524,354.8643,-0.3040928,0.2005091,-0.1170096,313.3816,326.9945,345.8297,-1.111725,0.06673103,-0.09608059,-0.6419955,-3.86009,4.291396,-0.2089016,-0.6800734,-0.04696214,354.2264,326.9812,227.3816,-0.0002722832,0.0009543967,0.001127312,0.001430656,-0.000569534,9.231591E-05

ShortAudioTest,8.540339,0.06245494,0.3833988,-0.3621997,18.6108,342.889,354.8453,-0.3158075,0.1985574,-0.118557,314.847,322.5884,348.44,-1.084387,-0.0003891412,-0.10294,-0.3859562,-3.846803,4.026469,-0.208905,-0.6800443,-0.04695085,354.2192,326.9784,227.3841,-0.0002803722,0.001415123,0.001066232,-0.002288342,-0.00168911,-0.0008041302

ShortAudioTest,8.551607,0.06243074,0.3833972,-0.362197,18.61401,342.8471,354.8679,-0.3263754,0.1952305,-0.119904,316.5082,319.2939,349.7039,-1.029628,-0.09314451,-0.1076461,0.04149889,-3.766634,3.564239,-0.2088881,-0.6800381,-0.04692864,354.2207,326.9819,227.3841,0.000205875,0.001158595,0.001285234,-0.001104867,-2.480847E-05,-0.0001967303

ShortAudioTest,8.562514,0.06208456,0.3835658,-0.3621607,18.64436,342.8532,354.8918,-0.3349546,0.1922492,-0.1210044,318.2049,316.8509,350.4366,-0.9544798,-0.163028,-0.1069724,0.4071534,-3.513368,3.165347,-0.2090634,-0.6799678,-0.04702166,354.2215,326.9771,227.3859,-0.001034917,0.0009330852,0.0004649463,8.298778E-05,-0.001621538,-0.00187644

ShortAudioTest,8.573792,0.0620836,0.3835738,-0.3621703,18.65949,342.9009,354.9405,-0.3425934,0.1874304,-0.1217346,319.7965,314.8728,351.3104,-0.8777378,-0.2281907,-0.1046774,0.5973552,-3.103899,2.905287,-0.2090721,-0.6799504,-0.04700243,354.2202,326.9813,227.3875,-0.0009993491,0.001184131,0.0008019488,-0.001269255,0.0005874079,-0.001558279

ShortAudioTest,8.58478,0.06215346,0.3835936,-0.3621781,18.66563,342.9248,354.9828,-0.350257,0.1832204,-0.1226172,321.2765,313.1934,351.9734,-0.8031135,-0.2742385,-0.1027927,0.7282997,-2.707273,2.631866,-0.2090864,-0.6799475,-0.04700017,354.2261,326.9817,227.3921,-0.00104445,0.0009393081,0.0006310758,0.0002343076,0.001026568,0.001783078

ShortAudioTest,8.595963,0.06223989,0.383495,-0.3621531,18.70092,342.9544,355.0293,-0.3521758,0.1814581,-0.1230854,321.9711,312.7785,351.3675,-0.7003043,-0.294672,-0.09694982,0.9428886,-2.482172,2.126271,-0.2090859,-0.6799744,-0.04705554,354.2269,326.981,227.388,-0.0009950531,0.0005211383,0.0002905452,0.003847071,0.0003814134,0.0002397128

ShortAudioTest,8.607096,0.06231511,0.3835623,-0.3620524,18.72339,342.9754,355.0812,-0.3564601,0.1772983,-0.1235323,322.8228,312.11,350.2373,-0.5935316,-0.309566,-0.08348136,1.22651,-2.332733,1.40371,-0.2091042,-0.6799568,-0.04705316,354.2252,326.9768,227.3947,-0.001148373,0.0007496555,0.0002795842,0.001040115,-0.001131472,0.00238108

ShortAudioTest,8.618737,0.06159914,0.3841714,-0.3619049,18.73977,342.9788,355.1263,-0.3611331,0.1743077,-0.1241232,323.5562,311.548,349.2106,-0.5219908,-0.3023815,-0.07221197,1.35042,-2.148919,0.9345418,-0.2091184,-0.6799465,-0.0470548,354.2249,326.9738,227.3885,-0.001169715,0.0006317827,0.0001341271,0.002773489,-0.002778393,-0.0002201392

ShortAudioTest,8.629698,0.06159687,0.3842191,-0.3617276,18.71791,342.9978,355.1285,-0.3617966,0.1727823,-0.1237996,323.855,311.7963,347.9863,-0.3993555,-0.2692181,-0.05209221,1.339415,-1.682473,0.407144,-0.2092685,-0.6798505,-0.04715866,354.2207,326.9767,227.4003,-0.001513142,0.0004683825,-0.0003345139,-0.001659721,2.544156E-05,0.0007291651

ShortAudioTest,8.6406,0.06160116,0.3842958,-0.3615908,18.7056,343.0506,355.1149,-0.3623765,0.1705422,-0.1235847,323.87,312.413,347.2865,-0.2944989,-0.2381799,-0.03510017,1.127161,-1.068223,0.09292296,-0.209294,-0.6798345,-0.0471645,354.216,326.9775,227.397,-0.00171975,0.00083849,-0.0003974253,-0.00257156,0.0004180557,-0.002308625

ShortAudioTest,8.651834,0.06213534,0.3840705,-0.3615881,18.64493,343.1089,355.1208,-0.3636742,0.1688588,-0.122806,324.0624,312.9391,346.5511,-0.230481,-0.2126496,-0.01351269,1.022613,-0.6740419,-0.09144913,-0.2093202,-0.6798409,-0.04718331,354.2223,326.9763,227.4007,-0.001851813,0.0004436511,-0.0007873759,-0.0003667847,0.0001948066,0.001483684

ShortAudioTest,8.663239,0.06223917,0.3842977,-0.3615109,18.54919,343.1172,355.0435,-0.3602715,0.1690234,-0.1212714,323.6862,314.7938,344.4392,-0.08686475,-0.1573476,0.03228014,1.146358,-0.2117058,-0.7316709,-0.2091179,-0.6798347,-0.04711986,354.2154,326.9781,227.389,-0.0004480292,0.001439665,-0.0002206053,-0.0005750093,-7.463906E-05,-0.001111816

ShortAudioTest,8.674256,0.06230903,0.3844771,-0.3613819,18.43597,343.1168,354.9632,-0.3585076,0.1686424,-0.1200455,323.4645,315.9611,342.5645,-0.01320934,-0.1280408,0.06117453,1.335935,-0.1056379,-1.209775,-0.2091295,-0.6798283,-0.04712799,354.217,326.9733,227.3894,-0.0006054444,0.001178505,-0.0003384209,0.0002359258,-0.002233061,-0.0005135337

ShortAudioTest,8.685326,0.06254733,0.3845204,-0.3612021,18.35683,343.1126,354.8982,-0.3547726,0.1689745,-0.1175213,322.8922,318.1214,339.8318,0.09361038,-0.07371011,0.09947208,1.396801,0.1662347,-1.78576,-0.2091116,-0.679835,-0.04712117,354.2213,326.9826,227.3847,3.206253E-05,0.0006667809,-6.668184E-05,0.003575531,0.002489968,-0.001278835

ShortAudioTest,8.697187,0.06246233,0.384779,-0.361035,18.2529,343.1423,354.844,-0.3497097,0.1705605,-0.1158977,321.9557,320.4641,337.7398,0.196976,-0.008517427,0.1152187,1.122738,0.6119592,-2.119646,-0.2090358,-0.6798521,-0.04708418,354.2174,326.9808,227.3843,0.0002202236,0.001148856,0.0001085433,0.0005601405,0.0007078943,-0.001725422

ShortAudioTest,8.708323,0.06241,0.3849342,-0.3608625,18.15191,343.1552,354.7997,-0.3436315,0.1722224,-0.1142146,320.8255,322.9705,335.7498,0.2940468,0.05171951,0.1229146,0.7868546,1.013436,-2.371202,-0.2090361,-0.67984,-0.04707518,354.2178,326.981,227.3921,0.0001301961,0.001139036,0.0002875132,-0.001604748,0.0009102021,0.001939286

ShortAudioTest,8.719207,0.06318474,0.3844502,-0.360855,18.03818,343.1494,354.7126,-0.3378384,0.1739515,-0.1125042,319.8526,325.4961,333.5549,0.3559774,0.0897842,0.1278504,0.5993488,1.221693,-2.547225,-0.2090468,-0.6798323,-0.04707259,354.2206,326.9789,227.3822,-0.0002013526,0.001000162,0.0002682387,0.002503933,-0.0006689416,-0.00173983

ShortAudioTest,8.730382,0.06303072,0.3845937,-0.360799,17.95902,343.1059,354.6602,-0.3303002,0.1766882,-0.1111459,318.3506,328.6272,330.9725,0.4439532,0.1396356,0.1261573,0.3288778,1.485895,-2.888246,-0.2091578,-0.6797942,-0.04717958,354.2196,326.9753,227.3967,-0.0008140593,0.0007502536,-0.0005234351,-0.0002576262,-0.001299524,0.001626962

ShortAudioTest,8.742006,0.0630101,0.384665,-0.3607941,17.9256,343.0628,354.6434,-0.3211052,0.1794881,-0.1096891,316.7593,332.5404,327.2878,0.5414406,0.1784028,0.1263757,0.2082617,1.673785,-3.428041,-0.2091405,-0.6797813,-0.04717612,354.2162,326.9842,227.3974,-0.000121857,0.000885946,-0.0002843362,-0.001879798,0.003017151,0.000430355

ShortAudioTest,8.752896,0.06308436,0.3846647,-0.3607714,17.9009,343.0094,354.6184,-0.3119572,0.1816853,-0.1084351,315.4412,336.7308,323.2918,0.6066919,0.1952061,0.1245383,0.1592739,1.807139,-3.805003,-0.2091522,-0.679783,-0.04718262,354.2242,326.9818,227.3994,-0.0003753636,0.0005901426,-0.0003694867,0.0009761216,0.001247891,0.003453796

ShortAudioTest,8.76476,0.06271315,0.3847857,-0.3607536,17.8568,342.9558,354.6124,-0.3040054,0.1833293,-0.1079738,314.2965,340.609,319.6825,0.6956652,0.2072469,0.1133011,0.05034422,2.010393,-4.317429,-0.2092685,-0.6798135,-0.0472115,354.2244,326.9815,227.4028,-0.001200337,0.0002977466,-0.0007808047,0.001464065,0.000316432,0.001325171

ShortAudioTest,8.77518,0.0626719,0.3848028,-0.3606488,17.77704,342.9019,354.5546,-0.2928265,0.185251,-0.1073468,312.9893,346.1424,314.3151,0.7728444,0.2035535,0.09588552,-0.04992257,2.142917,-4.789917,-0.2092878,-0.6798016,-0.04721329,354.2235,326.9828,227.405,-0.001354386,0.0004848287,-0.0005494078,0.000221402,0.001029881,0.001790453

ShortAudioTest,8.785678,0.06248176,0.384915,-0.3603897,17.70837,342.8405,354.485,-0.2813064,0.1863877,-0.1074088,311.9926,352.201,308.2844,0.8382749,0.1831747,0.0710583,-0.1413644,2.199931,-5.260642,-0.2092973,-0.6797804,-0.0472191,354.2153,326.9815,227.4059,-0.001125302,0.0008984032,-0.00050718,-0.003657619,0.0005214732,-0.0004727961

ShortAudioTest,8.796924,0.06238234,0.3848224,-0.3602192,17.68399,342.8391,354.4497,-0.2697669,0.186662,-0.1075013,311.355,358.738,301.377,0.8868088,0.1442808,0.04576759,-0.2009916,2.145481,-5.763003,-0.2093211,-0.6798445,-0.04713225,354.2249,326.9874,227.4033,-0.001223164,0.0002050187,0.0003868853,6.488864E-05,0.001644816,0.0004258774

ShortAudioTest,8.808471,0.06238079,0.384779,-0.3600664,17.62595,342.8665,354.4534,-0.2583269,0.186102,-0.1077673,311.2356,5.233242,294.393,0.9122812,0.1096983,0.02798982,-0.2507407,2.057572,-6.093058,-0.2093257,-0.6798471,-0.04713738,354.2256,326.9879,227.3958,-0.0009009837,0.0001019783,0.0001651871,0.001688309,0.001493442,-0.002322783

ShortAudioTest,8.819442,0.06258833,0.384653,-0.3597442,17.5387,342.9532,354.4673,-0.2464173,0.183848,-0.1090406,311.4796,12.08739,286.6031,0.9359854,0.04718797,-0.006922471,-0.3907153,1.851364,-6.532897,-0.2093284,-0.6798414,-0.04713476,354.2229,326.99,227.3972,-0.0005882599,0.0002741451,0.0002459562,-0.0002558394,0.002869788,-0.002308171

ShortAudioTest,8.831491,0.06310391,0.3846231,-0.3593361,17.41424,342.9982,354.3862,-0.2359779,0.1820014,-0.1100821,312.0935,18.65531,278.5669,0.9223224,-0.02864775,-0.04012494,-0.6001266,1.527079,-6.937517,-0.2090757,-0.6798769,-0.04709783,354.2276,326.9843,227.3883,0.0009962347,0.0005015459,0.0002316756,0.002712484,-0.0003953425,0.0008502553

ShortAudioTest,8.841793,0.06315982,0.384692,-0.3588484,17.19747,343.0348,354.2589,-0.2287259,0.1798028,-0.1102153,312.7467,22.28861,274.0623,0.9023968,-0.06782145,-0.04594114,-0.6853503,1.326079,-6.911902,-0.2090651,-0.6798469,-0.04709548,354.2187,326.9857,227.3924,0.00109141,0.001214387,0.0002225855,-0.002358692,0.000693612,0.0002723673

ShortAudioTest,8.852879,0.06336784,0.3846637,-0.3583155,16.92963,343.1165,354.1158,-0.2196211,0.1769755,-0.1111574,313.834,26.9733,268.2756,0.8591542,-0.0963841,-0.05189103,-0.7698342,1.09818,-6.656504,-0.2090626,-0.6798395,-0.04709458,354.222,326.9846,227.3855,0.0008663763,0.0009968925,0.0001889989,0.001259185,4.808835E-05,-0.001271125

ShortAudioTest,8.86393,0.06340146,0.3847069,-0.3576486,16.74474,343.2645,354.007,-0.2151544,0.1770475,-0.1113163,313.9351,29.0603,266.1705,0.7057683,-0.09729456,-0.04532614,-0.8111721,1.01095,-5.19726,-0.20921,-0.679871,-0.04712915,354.2216,326.9856,227.3974,-3.633292E-05,0.0005920688,0.0001293833,-0.001279371,0.0005941555,-0.001547718

ShortAudioTest,8.87514,0.06343746,0.3849885,-0.3568384,16.50957,343.5576,353.9044,-0.211625,0.1776441,-0.1116606,313.6515,30.25555,266.4475,0.5554117,-0.05848894,-0.04291425,-0.6713306,1.334955,-3.341156,-0.2092223,-0.6798552,-0.04713595,354.2242,326.9819,227.404,-0.0003047114,0.0008539322,-6.940711E-05,-0.001499833,-0.0005803895,0.002102601

ShortAudioTest,8.885969,0.06369781,0.3853313,-0.3560198,16.3084,343.8191,353.6647,-0.2100251,0.1783291,-0.112406,312.9512,30.03595,268.2631,0.3904823,-0.005726082,-0.04188342,-0.4883629,1.400581,-1.429474,-0.2092297,-0.6798676,-0.04714519,354.2278,326.9766,227.4006,-0.0004585754,0.0002047195,-0.0003093594,0.001095413,-0.003502544,0.001319136

ShortAudioTest,8.897314,0.06411183,0.3858974,-0.3551912,16.21736,344.0991,353.2992,-0.2127341,0.1793202,-0.1118298,311.8549,27.96611,271.1602,0.1998612,0.04324096,-0.0186786,-0.3489389,0.9741885,0.1840053,-0.2091029,-0.6798118,-0.04730228,354.2171,326.9778,227.3972,0.000826887,0.0004308055,-0.001265337,0.002158372,-0.0003472162,0.001770004

ShortAudioTest,8.908398,0.06413364,0.3867232,-0.3544978,16.19499,344.4562,352.7865,-0.2153958,0.1815916,-0.1115379,310.7497,25.49988,274.0685,0.07010511,0.08367018,-0.002835867,-0.3029911,0.5351497,1.195237,-0.2090847,-0.6797923,-0.04731861,354.2116,326.9825,227.3992,0.001088346,0.0007895913,-0.001300633,-0.001188231,0.002355473,0.0008821447

ShortAudioTest,8.919881,0.06431603,0.3875417,-0.3539909,16.26295,344.8361,352.2516,-0.2209857,0.1831745,-0.1101866,309.7285,21.00162,278.4261,-0.1211776,0.128651,0.03242083,-0.1834389,-0.2115867,2.515547,-0.2090883,-0.679793,-0.04733789,354.2151,326.9765,227.3959,0.0008473629,0.0006146402,-0.001527207,0.001406612,-0.000567197,9.939052E-05

ShortAudioTest,8.931156,0.0645355,0.3883101,-0.3536734,16.21968,345.1556,351.8585,-0.2277282,0.1840618,-0.1087591,308.8049,16.48043,283.1397,-0.2483397,0.1401318,0.06039493,-0.08724824,-0.5929608,3.183526,-0.2094225,-0.6796426,-0.04752111,354.2138,326.9809,227.4077,-0.0009469116,0.0004350017,-0.002677072,0.001128918,0.001542125,-0.001401709

ShortAudioTest,8.941801,0.06492019,0.3889911,-0.35356,16.09586,345.3447,351.5073,-0.236299,0.1864693,-0.1071991,308.244,10.63263,289.0965,-0.3917302,0.1608059,0.09108705,0.085201,-0.9842669,3.942314,-0.2094417,-0.6796519,-0.0475485,354.2173,326.9814,227.4134,-0.001132063,3.24982E-05,-0.002530064,0.0007982159,0.001863847,0.002101235

ShortAudioTest,8.953115,0.06555188,0.3894978,-0.3532925,15.99428,345.4067,351.2106,-0.2454102,0.1883632,-0.1047968,308.2017,4.7991,295.5685,-0.5141767,0.1647328,0.1179,0.2810944,-1.072677,4.596431,-0.2094625,-0.6796507,-0.04759634,354.2162,326.9777,227.4101,-0.001288128,8.767242E-05,-0.002969121,0.0006977214,9.758251E-05,-0.0003378118

ShortAudioTest,8.964323,0.06630337,0.3899744,-0.353301,15.98489,345.3055,351.0163,-0.2552395,0.1894844,-0.1031252,308.5224,358.7185,302.8028,-0.6182778,0.1504319,0.125758,0.4308058,-0.95072,5.212464,-0.2093322,-0.6798011,-0.04728118,354.2268,326.9823,227.3984,-0.0009959713,0.000392187,-0.0005639124,0.0006661933,-0.000779459,-0.001560237

ShortAudioTest,8.975545,0.06688011,0.3903871,-0.3533646,16.08252,345.1111,350.9683,-0.2644299,0.1897489,-0.1015453,309.2329,353.0866,309.4874,-0.6774219,0.132019,0.1281757,0.4982285,-0.8639989,5.548737,-0.2093469,-0.6797866,-0.0472945,354.2286,326.98,227.3949,-0.001067875,0.0006768714,-0.0007397729,0.001908891,-0.001492801,-0.002025626

ShortAudioTest,8.986636,0.06751502,0.3905066,-0.3536103,16.30531,344.8719,351.0818,-0.2762344,0.1896888,-0.1003282,310.3728,347.0294,317.0256,-0.7834982,0.08417491,0.1170941,0.510689,-0.6874055,6.11957,-0.2093679,-0.6797701,-0.04730311,354.226,326.9808,227.3985,-0.001311435,0.000839511,-0.0007222442,0.0001250345,-0.0007290443,-0.0006440118

ShortAudioTest,8.998227,0.0680114,0.3905587,-0.3538987,16.47931,344.6367,351.1599,-0.2825887,0.1901985,-0.100046,311.1822,343.4095,321.3777,-0.8147686,0.06070504,0.1038356,0.4470123,-0.6983245,6.243135,-0.2091428,-0.6797909,-0.04717484,354.2282,326.9813,227.3826,-0.0001188859,0.001255751,5.0137E-05,0.001376863,-0.001442413,-0.001121191

ShortAudioTest,9.009078,0.06818807,0.390322,-0.3542369,16.66167,344.2302,351.3605,-0.2927648,0.1884328,-0.09954485,312.4138,338.3855,326.9192,-0.8521162,-0.0002398876,0.08019709,0.2632364,-0.8819445,6.113571,-0.2091489,-0.6797689,-0.04717782,354.2277,326.9807,227.3921,-0.0002304408,0.001491999,-5.830165E-05,-0.002030381,-0.000527257,0.003009117

ShortAudioTest,9.020239,0.06836998,0.3899949,-0.354898,16.91345,343.8907,351.5265,-0.3031094,0.1862146,-0.1006379,313.8351,333.8509,331.5977,-0.8696453,-0.04569975,0.04958844,0.1614231,-1.089279,5.847473,-0.2091464,-0.6797539,-0.04717696,354.227,326.984,227.3847,-0.0001250433,0.00143146,-1.03972E-05,2.467319E-05,0.0007665054,-0.0008027535

ShortAudioTest,9.031341,0.06835341,0.389655,-0.3554046,17.19422,343.4549,351.5986,-0.3117765,0.1852247,-0.1012953,315.1673,330.058,335.0161,-0.8637571,-0.09417197,0.02484336,0.1145518,-1.36849,5.343625,-0.209136,-0.679865,-0.04707152,354.2364,326.9828,227.3877,-0.0004364881,0.0008225067,0.000796281,0.002181622,-0.0003384048,0.001772808

ShortAudioTest,9.042798,0.06828547,0.3894477,-0.3559258,17.39234,342.9449,351.6313,-0.320299,0.181101,-0.1010036,316.8117,326.7132,338.1328,-0.8532462,-0.1432943,0.01857525,0.1492472,-1.497168,4.989559,-0.2091408,-0.6798381,-0.04705447,354.2273,326.9843,227.3853,-0.0004076829,0.001236465,0.001014445,-0.001266069,0.0005994269,-0.001553732

ShortAudioTest,9.053885,0.06819713,0.3891417,-0.3567497,17.59424,342.3381,351.6792,-0.329452,0.1764344,-0.1024998,318.2349,324.3269,339.6372,-0.8343376,-0.2271769,-0.007041686,0.3162808,-1.646605,4.272921,-0.2091532,-0.6798414,-0.04704541,354.2367,326.9803,227.3844,-0.0005942344,0.0008761587,0.0009298223,0.002131133,-0.001220977,0.0005528479

ShortAudioTest,9.064988,0.06836736,0.3886299,-0.3572654,17.85842,341.7678,351.7707,-0.3361641,0.1741807,-0.1032848,319.687,322.2216,341.0545,-0.7910835,-0.2567382,-0.02031456,0.446124,-1.690184,3.770879,-0.2091174,-0.6797487,-0.0471302,354.226,326.9803,227.3826,0.0001815154,0.001362551,0.0003349135,-2.693702E-05,-0.0001159902,-0.00202237

ShortAudioTest,9.076177,0.06828928,0.3883269,-0.3577633,18.17437,341.1916,351.9228,-0.3398776,0.169775,-0.1030234,320.5102,321.1574,341.4823,-0.7516053,-0.3025504,-0.02489758,0.5589164,-1.719233,3.264916,-0.2091049,-0.6797591,-0.04712391,354.2332,326.983,227.3796,0.0004742749,0.0008106121,0.0004046637,0.00369194,0.001003861,-0.001125799

ShortAudioTest,9.087096,0.06792688,0.3880388,-0.3584116,18.49677,340.8171,352.2538,-0.3477848,0.1655171,-0.1041299,321.9137,319.2485,342.691,-0.7292472,-0.3191838,-0.03678763,0.6004204,-1.704943,2.975918,-0.2091192,-0.6797279,-0.04712847,354.2251,326.9795,227.3785,-7.34931E-05,0.001380457,0.0001486839,-7.74313E-05,-0.000998477,-0.003242326

ShortAudioTest,9.098617,0.06768048,0.3874339,-0.3587245,18.80995,340.6465,352.6158,-0.3535435,0.1630141,-0.1053903,323.2995,317.6528,344.0885,-0.6802813,-0.3217508,-0.05831557,0.5514331,-1.503555,2.880528,-0.2092466,-0.6797127,-0.04717848,354.2255,326.9827,227.3907,-0.0004365937,0.0008078071,2.828587E-06,-0.002514654,0.001311171,-0.001084612

ShortAudioTest,9.109417,0.06735349,0.3870418,-0.3589744,19.03624,340.5132,352.8781,-0.359969,0.1574514,-0.1059711,325.0978,315.7713,346.0916,-0.6660295,-0.3402016,-0.06481843,0.4735961,-1.35583,3.092602,-0.2092631,-0.6797129,-0.04718977,354.2279,326.9773,227.3979,-0.0007582695,0.00056075,-0.0003203327,-0.002625667,-0.001359252,0.002712603

ShortAudioTest,9.121252,0.0669775,0.3867044,-0.3590167,19.21575,340.4604,353.0764,-0.3676498,0.1525145,-0.1072477,327.2563,313.7228,348.6302,-0.6646763,-0.3596907,-0.08108284,0.3419945,-1.20847,3.514395,-0.209262,-0.679715,-0.04718176,354.2297,326.9805,227.3945,-0.0005111364,0.0003055313,3.721007E-05,-0.0003600685,0.0002045235,0.001487618

ShortAudioTest,9.132353,0.06675696,0.3863859,-0.3589863,19.44893,340.4833,353.1922,-0.3742665,0.1482553,-0.108906,329.5951,311.7376,351.0145,-0.6502937,-0.3735961,-0.09802406,0.2848216,-1.164091,3.856766,-0.2091881,-0.6797405,-0.04716524,354.2266,326.9862,227.3853,7.741445E-05,0.000343971,0.0003076401,0.0004531786,0.002212414,-0.001860966

ShortAudioTest,9.143703,0.06647182,0.3862845,-0.3590185,19.60082,340.5286,353.2266,-0.3799042,0.1419295,-0.1098884,331.8885,309.9908,352.6691,-0.6312226,-0.3954281,-0.1008996,0.3642198,-1.23048,3.923253,-0.2091985,-0.6797174,-0.04716784,354.2247,326.9851,227.3921,-0.0002085324,0.0008242427,0.0001454488,-0.001762022,0.001531392,0.0005839511

ShortAudioTest,9.154509,0.06627119,0.3862911,-0.3588582,19.69172,340.5836,353.1984,-0.3838165,0.1386684,-0.1107621,333.5081,308.8677,353.239,-0.5989646,-0.4070376,-0.1079625,0.5672,-1.383157,3.837967,-0.2092156,-0.6797153,-0.04717225,354.2236,326.9746,227.3876,-0.0006108159,0.0006895252,2.67931E-05,-0.0009421129,-0.003887656,-0.001110827

ShortAudioTest,9.166618,0.06607902,0.3862417,-0.3587826,19.76929,340.6294,353.2023,-0.389985,0.1334261,-0.1124179,335.8232,307.3387,354.444,-0.5646541,-0.4146373,-0.1200853,0.6522482,-1.428761,3.786219,-0.2092496,-0.6797529,-0.04720259,354.2256,326.9771,227.3895,-0.0007233379,0.0002357244,3.05649E-05,0.000129649,-0.0007289906,-0.0006485649

ShortAudioTest,9.176712,0.06585431,0.3863667,-0.3587294,19.79264,340.7208,353.1853,-0.3947887,0.1280501,-0.1141001,337.9954,305.8994,355.9357,-0.5333872,-0.413305,-0.1306891,0.5580062,-1.382947,3.793367,-0.2092605,-0.6797477,-0.04720411,354.2251,326.9769,227.393,-0.0008252042,0.0002744138,-3.312419E-05,-0.0009528458,-0.000628108,0.001183782

ShortAudioTest,9.187675,0.06569147,0.3863995,-0.3586561,19.83567,340.8138,353.1767,-0.3990675,0.1239996,-0.115986,339.8895,304.6115,357.895,-0.4746314,-0.3985052,-0.1516734,0.202039,-1.203992,3.819674,-0.2092699,-0.6797422,-0.04720435,354.2255,326.9798,227.3918,-0.0007955788,0.0003961344,-3.497881E-05,-0.0005213599,0.0008167675,0.0001204527

ShortAudioTest,9.198744,0.06559777,0.3862714,-0.3586084,19.84148,340.97,353.1686,-0.4034117,0.1195328,-0.1180009,341.7613,303.516,359.7207,-0.4304124,-0.3892074,-0.161215,-0.04098939,-1.041359,3.787346,-0.2093714,-0.6797293,-0.04729727,354.2206,326.9806,227.3974,-0.00125634,0.0003372023,-0.0006491562,-0.001929213,0.002141518,-0.0007771993

ShortAudioTest,9.209973,0.06533408,0.386222,-0.3586149,19.87358,341.1911,353.1886,-0.4065956,0.1146919,-0.1197755,343.6397,302.5395,1.05605,-0.3924467,-0.3824117,-0.1622173,-0.06615472,-0.9776514,3.66027,-0.2093947,-0.6797353,-0.04730755,354.2199,326.9786,227.3955,-0.001474218,9.234974E-05,-0.0007172283,-0.001278097,0.0005957304,-0.00154607

ShortAudioTest,9.221836,0.06517899,0.38607,-0.3585738,19.93273,341.3634,353.2046,-0.4087286,0.1112039,-0.1204524,345.1212,301.9188,0.7975007,-0.3236299,-0.3617788,-0.1402646,0.3699588,-1.011806,3.051949,-0.2094188,-0.6797425,-0.04731578,354.2274,326.9781,227.3948,-0.001626655,-0.0001128866,-0.0007035804,0.002009228,0.0002713541,0.0004138889

ShortAudioTest,9.232858,0.06519389,0.3858974,-0.3586308,20.05269,341.5425,353.2782,-0.4088562,0.1099743,-0.1205108,345.348,301.9338,359.0884,-0.2403467,-0.320621,-0.1113127,1.016074,-1.028136,2.028988,-0.2094538,-0.6797496,-0.04748774,354.2169,326.9686,227.3993,-0.002094021,-0.000144418,-0.002312792,0.0003359464,-0.003721585,-0.000350686

ShortAudioTest,9.243565,0.06507075,0.3857766,-0.3587652,20.217,341.7076,353.4238,-0.4093337,0.1079108,-0.1207629,345.9567,301.7778,357.9518,-0.1767323,-0.2754096,-0.08546024,1.320084,-0.9253648,1.297067,-0.2094599,-0.6797444,-0.04749513,354.2154,326.9803,227.4001,-0.001687185,5.251585E-05,-0.001832475,-0.0006446356,0.002310201,-2.453752E-05

ShortAudioTest,9.254775,0.06503272,0.385522,-0.3588831,20.37004,341.872,353.6027,-0.4067212,0.1088463,-0.1183731,345.024,302.8921,355.4949,-0.04200447,-0.1637015,-0.01424663,1.588801,-0.4142408,-0.1253015,-0.2094963,-0.6797465,-0.04753077,354.2172,326.9726,227.3987,-0.002112718,7.118443E-05,-0.002223941,0.0002261008,-0.002226287,-0.0004982231

ShortAudioTest,9.26626,0.06497359,0.3852186,-0.3590709,20.56186,342.0797,353.8381,-0.4043883,0.1093222,-0.1171883,344.376,303.8437,353.8526,0.03220116,-0.09918576,0.02314263,1.549248,-0.04132551,-0.7909052,-0.2093774,-0.6798207,-0.0473581,354.221,326.9762,227.3909,-0.00120797,6.496731E-06,-0.0006885082,0.0008248456,-0.001391318,-0.0001995652

ShortAudioTest,9.27704,0.06483805,0.3849202,-0.3592906,20.74416,342.3598,354.137,-0.4015119,0.1111481,-0.1151773,343.3943,305.288,352.0235,0.1053009,-0.0283169,0.06830408,1.48325,0.3953999,-1.429773,-0.2093754,-0.6798209,-0.04734999,354.2198,326.9833,227.3926,-0.0007852397,4.462866E-05,-0.0002814979,-0.0006371711,0.002312925,-2.888329E-05

ShortAudioTest,9.288014,0.06477249,0.3845851,-0.3593938,20.90112,342.6341,354.3633,-0.3950611,0.1146406,-0.1096512,341.5269,308.151,349.2495,0.2277318,0.06943834,0.1573583,1.44512,1.119099,-2.350547,-0.2093832,-0.6798226,-0.0473468,354.2193,326.9856,227.3902,-0.0006798372,-9.512029E-05,-7.740925E-05,0.0004957491,0.003094628,-0.0006415283

ShortAudioTest,9.299747,0.06437731,0.3846022,-0.3596177,21.05236,342.9666,354.5993,-0.3841169,0.1207217,-0.1042507,338.852,312.4404,345.7369,0.4175746,0.2001161,0.254903,1.349057,2.12605,-3.509754,-0.2092196,-0.6799139,-0.04714352,354.2289,326.9784,227.3735,-0.0003782292,-0.0003261917,0.001253065,0.004452653,-0.00203622,-0.001750443

ShortAudioTest,9.310561,0.06424427,0.3844171,-0.3597757,21.15703,343.2262,354.797,-0.3776814,0.1244558,-0.1009878,337.3174,315.1021,343.4848,0.5129316,0.2640672,0.2973689,1.260893,2.586829,-4.063783,-0.2092154,-0.6799008,-0.04713571,354.225,326.9813,227.3811,-0.0001712159,7.353118E-05,0.001205972,0.0001840257,0.0001553255,0.0005620039

ShortAudioTest,9.321473,0.06435299,0.3841053,-0.3598484,21.23882,343.4657,354.9712,-0.3675297,0.1292298,-0.09475344,335.2287,319.273,339.8504,0.611752,0.3209383,0.3477797,1.160363,3.017787,-4.600715,-0.2092186,-0.6799072,-0.0471184,354.2259,326.9778,227.3855,-0.0002266026,-9.563643E-05,0.001284515,-0.0007888813,-0.001239127,0.002541428

ShortAudioTest,9.333684,0.06433249,0.384043,-0.3600086,21.33528,343.6436,355.0931,-0.3518047,0.1364408,-0.08952236,332.1611,325.308,334.9581,0.8241404,0.4063807,0.3873931,0.9259412,3.809297,-5.637811,-0.2090863,-0.6799339,-0.04694107,354.2238,326.9869,227.3727,0.0007106648,0.0003706755,0.002859003,-0.0001312055,0.001383838,-0.002175604

ShortAudioTest,9.343816,0.06416404,0.3839936,-0.3601979,21.45568,343.7875,355.1884,-0.337883,0.1413403,-0.08524936,330.0803,331.0555,329.9291,0.9326867,0.4317915,0.398171,0.8783181,4.189607,-6.181019,-0.2090976,-0.6799432,-0.04690626,354.2274,326.9821,227.3742,0.000184668,1.972161E-05,0.002899144,0.0008395906,-0.001387722,-0.0002110711

ShortAudioTest,9.355637,0.06375563,0.3841006,-0.3605246,21.55979,343.8617,355.2063,-0.3194928,0.1465087,-0.08146366,327.6635,338.8311,323.2346,1.138568,0.4365492,0.3752643,0.6824403,4.824898,-7.129146,-0.2090906,-0.6799341,-0.04686001,354.2268,326.9816,227.3766,0.0002838451,0.0001755528,0.003224093,0.000298429,-0.001337297,0.0007051724

ShortAudioTest,9.366269,0.06331587,0.3842022,-0.3608033,21.66499,343.9283,355.2324,-0.302387,0.1504258,-0.07950264,325.8788,345.8811,317.0921,1.226912,0.4288891,0.3346938,0.4173236,5.002756,-7.460535,-0.209216,-0.679931,-0.04707286,354.2246,326.9756,227.388,-0.0004609087,-0.0007623682,0.001496642,0.001147783,-0.00261448,0.002528149

ShortAudioTest,9.377473,0.06294239,0.3841962,-0.3610697,21.75528,343.927,355.1915,-0.2839198,0.1528052,-0.0791032,324.1133,353.4693,310.3793,1.333594,0.3887683,0.2494036,-0.03771405,5.145,-7.826897,-0.2091947,-0.6799201,-0.04704493,354.2152,326.9858,227.3862,0.0001880181,-0.0003327035,0.001748064,-0.001927049,0.002146137,-0.0007894622

ShortAudioTest,9.38865,0.0627346,0.383999,-0.3614096,21.8216,343.8497,355.1478,-0.2715813,0.1543854,-0.08150366,322.9453,358.7802,305.7671,1.402147,0.3269705,0.1350082,-0.4863825,5.172729,-7.977667,-0.2092088,-0.6799356,-0.0470317,354.2202,326.9821,227.3861,-0.0002404432,-0.0006490768,0.001750818,0.0001768428,0.0001566556,0.0005630658

ShortAudioTest,9.399893,0.06243217,0.3839799,-0.3616835,21.87203,343.7855,355.1666,-0.2544619,0.1552653,-0.08294296,322.4498,6.456869,298.7873,1.427955,0.274453,0.07000406,-0.6727003,5.135244,-8.065136,-0.2090398,-0.679947,-0.0471108,354.2169,326.9807,227.3808,0.0008853956,-0.0004190653,0.000840952,0.002007408,0.0002720379,0.0003951491

ShortAudioTest,9.410993,0.06196463,0.383839,-0.3619273,21.92934,343.7149,355.197,-0.2369475,0.1543179,-0.08519688,322.5527,14.07872,291.4501,1.45433,0.1769773,-0.02006172,-0.887637,4.986969,-8.221471,-0.2090358,-0.6799396,-0.04710484,354.2091,326.9789,227.3803,0.000747747,-8.1251E-05,0.0007420074,-0.001871649,-0.0002347021,-0.001868361

ShortAudioTest,9.422136,0.06114507,0.3839692,-0.3622094,22.03388,343.6723,355.2834,-0.220024,0.1513059,-0.09123176,323.3399,21.68982,283.929,1.455111,0.05891258,-0.1313868,-1.083555,4.76516,-8.396451,-0.2090248,-0.6799418,-0.0470908,354.2093,326.9832,227.3843,0.0008112713,-5.863408E-05,0.0008941349,-0.002471664,0.002194085,0.0001202639

ShortAudioTest,9.433814,0.06074739,0.3838016,-0.36247,22.17108,343.6278,355.3892,-0.2051852,0.1459897,-0.09483296,325.0555,28.77763,276.8965,1.420965,-0.07609078,-0.1991916,-1.136439,4.657408,-8.487893,-0.2092223,-0.6800109,-0.04715657,354.2126,326.9789,227.3933,-0.0008465687,-0.001160362,0.0003400073,-0.0009652609,-0.0006262544,0.001177427

ShortAudioTest,9.444852,0.06031442,0.3836759,-0.3627499,22.28255,343.6112,355.491,-0.1889062,0.13857,-0.09863445,327.4332,35.1947,270.7943,1.384018,-0.2134108,-0.2536341,-1.101146,4.589722,-8.381737,-0.2092371,-0.680029,-0.04716328,354.2154,326.974,227.3934,-0.000989483,-0.001222215,4.412547E-05,-0.0001543842,-0.00278468,0.001775773

ShortAudioTest,9.455981,0.05861139,0.3844895,-0.3630041,22.38929,343.5305,355.5747,-0.1758206,0.1318294,-0.104151,330.1425,40.69703,265.2369,1.30606,-0.3367981,-0.3062305,-1.083458,4.347864,-8.280632,-0.2092497,-0.6800386,-0.04715261,354.2135,326.9768,227.3898,-0.0009953905,-0.00109832,0.000313858,0.0001171816,-0.0007275973,-0.0006549414

ShortAudioTest,9.467166,0.05829787,0.38436,-0.3632522,22.4506,343.4986,355.6476,-0.1686095,0.1256324,-0.1068181,332.1829,43.96837,261.6325,1.240492,-0.4240949,-0.3258422,-1.108462,4.119586,-8.264833,-0.209173,-0.68001,-0.04723173,354.2087,326.9778,227.3912,-4.694803E-05,-0.001370132,-7.257694E-05,0.0001631111,0.0001542137,0.00056071

ShortAudioTest,9.477984,0.0579356,0.3842205,-0.3634258,22.55831,343.4692,355.7253,-0.1564572,0.1158743,-0.1104623,335.5189,48.10505,256.7075,1.149043,-0.5381067,-0.3379794,-1.13182,3.719826,-8.193019,-0.2091732,-0.68003,-0.047243,354.2108,326.9738,227.3868,-4.170856E-05,-0.001486244,-0.000352872,0.002056341,-0.002105723,-0.0006730235

ShortAudioTest,9.489209,0.05703557,0.384447,-0.3636568,22.67434,343.494,355.8455,-0.1471666,0.1070855,-0.1140004,338.8577,51.42834,252.768,1.034443,-0.6236568,-0.335877,-1.040236,3.399929,-7.909189,-0.209163,-0.6800474,-0.04724556,354.2082,326.9776,227.3922,0.000186324,-0.001580792,-0.0003081504,-0.0003781331,0.0002049921,0.001476861

ShortAudioTest,9.501024,0.05690396,0.3842503,-0.3637806,22.73956,343.5487,355.972,-0.138576,0.09767604,-0.1187641,342.3686,54.47454,249.4051,0.9556669,-0.671954,-0.3361973,-0.9155222,3.212517,-7.628863,-0.2089231,-0.6800772,-0.04719728,354.2047,326.9791,227.3816,0.001868683,-0.0007890539,-0.0001057531,5.950633E-06,0.0007653901,-0.0008140851

ShortAudioTest,9.511653,0.05668998,0.3840514,-0.3638608,22.78662,343.5683,356.0992,-0.1329914,0.08706546,-0.1212287,345.8136,56.54268,246.9692,0.8261276,-0.7349778,-0.3097411,-0.6105143,2.892537,-7.16346,-0.2088914,-0.6800901,-0.04719687,354.2063,326.9841,227.3853,0.002152956,-0.0008544124,-5.780905E-05,-0.0005939872,0.003194463,0.001174248

ShortAudioTest,9.52311,0.0562948,0.384076,-0.3639536,22.89297,343.5589,356.2188,-0.1274898,0.0779593,-0.1234572,349.0012,57.94075,245.6529,0.7102972,-0.7652944,-0.2779445,-0.14453,2.580998,-6.530386,-0.2088693,-0.6801027,-0.04720494,354.2041,326.9784,227.3864,0.002123012,-0.0008985599,-0.0002318132,-0.00166839,3.485119E-05,0.0007147304

ShortAudioTest,9.534461,0.05629122,0.3837684,-0.3639246,22.99755,343.5827,356.3459,-0.1224554,0.06935549,-0.1257957,351.9479,58.97383,245.233,0.6052949,-0.7692156,-0.2465652,0.4243843,2.261639,-5.759135,-0.208818,-0.6801907,-0.04716411,354.2009,326.9874,227.3885,0.002465602,-0.001243374,0.0004859846,-0.003290642,0.00435305,-0.0004804276

ShortAudioTest,9.546127,0.05622292,0.3836298,-0.3639206,23.08735,343.6503,356.4429,-0.1214635,0.06328297,-0.1262141,353.4653,59.09724,245.6387,0.4963288,-0.7563511,-0.2113893,0.9273334,1.862155,-4.94518,-0.2088037,-0.6802455,-0.04715753,354.2076,326.9807,227.3844,0.0020854,-0.002187337,0.0005174092,0.000705987,0.0001035314,-0.0003612759

ShortAudioTest,9.557146,0.05545425,0.3840051,-0.363827,23.1409,343.7187,356.5172,-0.1179323,0.05559337,-0.1280375,355.8943,59.79658,245.5807,0.4361767,-0.7283661,-0.192565,1.188311,1.630609,-4.384362,-0.2087862,-0.6802675,-0.04716527,354.2057,326.9784,227.3855,0.002145832,-0.002410635,0.0001939256,0.0001141743,-0.0007286491,-0.0006647328

ShortAudioTest,9.567976,0.05547786,0.3837553,-0.3637348,23.16712,343.7966,356.5833,-0.115344,0.04935431,-0.129181,357.5674,60.14848,245.9545,0.3595992,-0.6638103,-0.1632491,1.405399,1.284437,-3.539251,-0.2088922,-0.6803037,-0.04700971,354.2206,326.9833,227.3887,0.001055,-0.00262759,0.001650452,0.00275854,0.0004957175,0.002071236

ShortAudioTest,9.579297,0.05550563,0.3836367,-0.3635898,23.18137,343.9099,356.633,-0.1130961,0.04479122,-0.1300705,358.731,60.39916,246.499,0.2981129,-0.5819039,-0.1383863,1.464436,1.025053,-2.781264,-0.2088846,-0.6803128,-0.04699773,354.2142,326.9777,227.3823,0.0009487676,-0.002103044,0.001477092,0.001313776,-0.002321921,-0.002342356

ShortAudioTest,9.590441,0.05497575,0.3839006,-0.3634421,23.23945,344.0693,356.7219,-0.1129726,0.05156648,-0.1242081,358.7169,60.28045,245.4839,0.1960707,-0.1875879,0.07649467,0.5403519,0.6180862,-2.17469,-0.2088634,-0.6803328,-0.04697794,354.2119,326.9779,227.3885,0.001201811,-0.0020097,0.001538916,-0.001011084,-0.00150685,-4.466828E-05

ShortAudioTest,9.601931,0.05531728,0.3836393,-0.3632278,23.26615,344.2511,356.841,-0.1122602,0.05860043,-0.1249954,355.9824,61.8756,234.01,0.1536005,0.0620228,0.03699748,-3.670214,0.8302588,-2.526247,-0.2087035,-0.680426,-0.04689035,354.2192,326.9796,227.3929,0.001766849,-0.001584125,0.001936323,-0.0005865156,-0.0009651803,0.005124943

ShortAudioTest,9.613322,0.05535734,0.3835065,-0.3630393,23.31922,344.4352,356.9814,-0.1096344,0.06530321,-0.1267102,355.3222,62.48494,244.4852,0.1630081,0.2036943,-0.01399388,1.366339,1.210423,0.7780077,-0.2086109,-0.6804365,-0.04692379,354.2085,326.9763,227.3813,0.003636374,-0.001095374,0.0003620679,-0.00181034,-0.002608108,-0.002939159

ShortAudioTest,9.623686,0.05545628,0.383365,-0.3630104,23.38202,344.6433,357.1414,-0.1098729,0.0718751,-0.1255191,354.1759,62.31936,244.634,0.1078488,0.3085983,0.0180322,0.6774659,0.7885534,0.9762432,-0.2085645,-0.6805106,-0.04688299,354.2053,326.9838,227.3833,0.003741476,-0.00244553,0.001162905,-0.003271736,0.001096361,-0.002768479

ShortAudioTest,9.635564,0.05566216,0.3831558,-0.3628512,23.45083,344.8615,357.3171,-0.1095283,0.07518053,-0.128998,354.1416,62.56638,248.3766,0.08347466,0.3829237,0.008042251,1.957616,0.8824573,1.756525,-0.2085396,-0.6806172,-0.04690197,354.2154,326.9779,227.3761,0.002857384,-0.003913593,0.001209476,0.003739444,-0.001371535,-0.002205938

ShortAudioTest,9.646392,0.05579007,0.383041,-0.3627109,23.49165,345.037,357.4023,-0.1101931,0.07860172,-0.1267356,354.6303,62.50863,248.2145,0.03422501,0.3599011,0.07074875,1.432938,0.5603613,1.011374,-0.2085009,-0.6806251,-0.04690617,354.2086,326.9854,227.3905,0.003289429,-0.003600207,0.0009693886,-0.002963377,0.003131402,0.002256116

ShortAudioTest,9.657573,0.05598962,0.3829381,-0.362739,23.54477,345.1775,357.5089,-0.1115199,0.08125079,-0.1237066,355.2044,62.2819,245.2621,-0.01490426,0.3210045,0.1321443,-0.1042213,0.1584135,-0.1799568,-0.2084496,-0.6806661,-0.04691413,354.2067,326.9817,227.3811,0.003657201,-0.003743841,0.0004884228,-0.0007397117,0.0005503263,-0.002480893

ShortAudioTest,9.6687,0.05599713,0.382817,-0.3626464,23.57803,345.3167,357.5679,-0.1161934,0.07951832,-0.1301296,355.0513,61.90213,242.5199,-0.08423131,0.2691511,0.08931487,-0.9976849,0.006791025,-0.876918,-0.2085278,-0.6806616,-0.04697415,354.2136,326.9811,227.39,0.004123037,-0.004633875,0.0003364222,0.00130207,0.0009398322,-4.685641E-05

ShortAudioTest,9.679765,0.05606067,0.3828541,-0.3626013,23.57972,345.3653,357.5811,-0.1177849,0.08287585,-0.1288785,355.2915,62.14729,241.3082,-0.09984241,0.2743968,0.09546066,-1.152843,0.06027873,-0.9817671,-0.2084737,-0.6806799,-0.04697424,354.211,326.9831,227.3921,0.004282215,-0.003789434,0.0002642715,5.956987E-05,0.001653619,0.0004182791

ShortAudioTest,9.691582,0.05619442,0.3828751,-0.3626035,23.57473,345.2624,357.5703,-0.1181537,0.08541679,-0.1369089,354.7457,62.25595,240.3736,-0.1110397,0.2960109,0.01092381,-1.115276,0.2190962,-0.7422802,-0.2084394,-0.6807417,-0.04697886,354.2098,326.9792,227.3968,0.003914127,-0.004120456,0.0001309932,-0.002206296,9.055122E-05,0.001643734

ShortAudioTest,9.702066,0.05626774,0.3827935,-0.3625128,23.57602,345.1932,357.5761,-0.1199492,0.09096217,-0.1369652,353.9655,62.63747,240.4719,-0.124068,0.3477226,0.007511871,-0.9082977,0.3172081,-0.1978815,-0.2087088,-0.6806589,-0.04715827,354.2123,326.9808,227.404,0.002604652,-0.004850978,-0.000832178,0.0007542681,0.0009903637,0.0008786051

ShortAudioTest,9.713105,0.0562005,0.3828808,-0.3624089,23.6335,345.1316,357.5803,-0.1272627,0.09358108,-0.1362573,352.564,62.5769,241.4232,-0.18219,0.3827136,0.02266363,-0.6534972,0.2637699,0.4381942,-0.2086828,-0.6806928,-0.04716995,354.2108,326.9794,227.4046,0.002490993,-0.004287607,-0.0008832669,0.0001626939,0.0001579729,0.000575268

ShortAudioTest,9.725231,0.0562793,0.3828653,-0.3622389,23.65785,345.1187,357.5827,-0.1302524,0.09998143,-0.1349894,351.2829,62.31346,242.0939,-0.2055649,0.4355856,0.05141272,-0.4459108,0.08677738,0.9938073,-0.2085294,-0.6807443,-0.04699302,354.2079,326.9893,227.3974,0.003519236,-0.003728739,0.000457855,-0.00387524,0.00352616,-0.0007689221

ShortAudioTest,9.735027,0.05644965,0.3828791,-0.3622132,23.64244,345.1068,357.5296,-0.1360099,0.1023983,-0.1412102,349.8243,61.75088,242.3069,-0.246947,0.4348582,0.01078201,-0.3917712,-0.06381565,1.269895,-0.2085023,-0.6808208,-0.04699489,354.2113,326.9843,227.3963,0.003143064,-0.004587032,0.0002469777,-0.001120203,-8.803162E-06,-0.0001847475

ShortAudioTest,9.746305,0.05648911,0.3830638,-0.3622342,23.5756,345.0324,357.4218,-0.1399859,0.1087487,-0.1395859,348.4362,61.04163,242.8376,-0.2744153,0.4689533,0.0504779,-0.3649161,-0.3217864,1.559205,-0.2084516,-0.6808769,-0.0469867,354.212,326.9877,227.3911,0.003414898,-0.004639253,0.0003624125,0.0005537063,0.000722094,-0.001713808

ShortAudioTest,9.75787,0.05667233,0.3831834,-0.362406,23.49556,344.9736,357.2857,-0.1443201,0.1151339,-0.1375314,347.0564,60.13462,243.4239,-0.3025013,0.4918059,0.08864796,-0.3379124,-0.5763074,1.750752,-0.2084078,-0.6809338,-0.04697832,354.2156,326.9832,227.3957,0.003663964,-0.004738363,0.0005464017,0.000333096,-0.0004518149,0.001936748

ShortAudioTest,9.769019,0.05678773,0.383291,-0.3624146,23.44625,344.9606,357.208,-0.1497602,0.1184679,-0.139432,345.6871,59.27569,243.9901,-0.3336539,0.4844525,0.08253442,-0.2907557,-0.7136124,1.850995,-0.2086239,-0.6808323,-0.04714701,354.2098,326.9853,227.3998,0.002503105,-0.004946839,-0.0006202839,-0.0001549779,0.001383732,-0.002156132

ShortAudioTest,9.779754,0.05683434,0.3834164,-0.3623783,23.39776,344.9524,357.1597,-0.1548911,0.1243752,-0.1371664,344.5136,58.23292,244.6306,-0.3662842,0.4903518,0.1150259,-0.2465963,-0.8877329,1.885552,-0.2085983,-0.6808914,-0.04716325,354.2076,326.9835,227.4059,0.002461549,-0.005030849,-0.0008308125,-0.002370029,0.0007035606,0.0002891421

ShortAudioTest,9.791081,0.05699372,0.3834016,-0.3622997,23.35762,344.9529,357.1553,-0.1566097,0.1264443,-0.1374605,343.8141,57.69149,245.0028,-0.3755631,0.4831356,0.1104236,-0.2120572,-0.9210052,1.8785,-0.208581,-0.6809188,-0.04717523,354.207,326.9865,227.4021,0.002413953,-0.004665518,-0.001002172,-0.001397574,0.002097312,-0.001690992

ShortAudioTest,9.803414,0.05717468,0.383405,-0.3621429,23.35155,345.0065,357.1855,-0.1632371,0.1310428,-0.1357661,342.7503,56.79583,245.7838,-0.4063695,0.4700993,0.1195992,-0.1336288,-0.9422947,1.832491,-0.2086073,-0.6809279,-0.04706037,354.2191,326.9855,227.4003,0.001967457,-0.004748209,9.871541E-05,0.0001747793,0.000161571,0.0005802002

ShortAudioTest,9.81326,0.05719161,0.3835043,-0.3620137,23.33758,345.0289,357.1721,-0.1684563,0.1363344,-0.1343055,341.8678,56.03791,246.4819,-0.4195862,0.4646956,0.1214506,-0.06069229,-0.9039064,1.772801,-0.2085785,-0.6810008,-0.04706115,354.2262,326.9854,227.4003,0.002122711,-0.005317915,4.48484E-05,0.003462407,-0.0001624668,0.002539708

ShortAudioTest,9.824504,0.05732834,0.3835253,-0.3620035,23.27889,345.0188,357.1137,-0.1736617,0.1417006,-0.1329914,340.9763,55.44405,246.9491,-0.4288372,0.4627243,0.1187575,-0.1085594,-0.8279447,1.676197,-0.208566,-0.6810352,-0.04707465,354.2183,326.9818,227.4056,0.001788381,-0.004557622,-0.0003438001,-0.002090605,-0.001402008,0.001805829

ShortAudioTest,9.835669,0.05753934,0.3835369,-0.3619011,23.19035,345.0022,357.0612,-0.1776874,0.1438882,-0.1330327,339.9684,54.78931,247.291,-0.4374523,0.4472995,0.1032218,-0.2187056,-0.8080429,1.584727,-0.2085896,-0.6810356,-0.04708081,354.2169,326.9847,227.4004,0.001621229,-0.004510269,-0.0002286643,-0.0005771302,-5.792106E-05,-0.001089173

ShortAudioTest,9.847042,0.05760431,0.3836197,-0.3618636,23.11537,345.0027,357.0034,-0.1831872,0.1494249,-0.1319189,338.9056,54.15457,247.4566,-0.4468507,0.4547355,0.1012491,-0.3652602,-0.817121,1.54155,-0.2085665,-0.6810817,-0.04707435,354.2129,326.9846,227.4004,0.001717916,-0.004344746,5.218476E-06,-0.001870196,-0.000227413,-0.001843482

ShortAudioTest,9.858225,0.05743551,0.3838567,-0.3616053,23.0646,345.0045,356.9291,-0.1889187,0.1554552,-0.1307311,337.6492,53.39771,247.8366,-0.4592062,0.4726435,0.1017608,-0.455775,-0.8455542,1.625085,-0.2085398,-0.6811446,-0.04707214,354.222,326.9857,227.404,0.001875579,-0.004621311,6.926532E-05,0.0009267476,0.0003822662,0.002251917

ShortAudioTest,9.869117,0.05776727,0.3838387,-0.361542,22.99261,345.0358,356.8989,-0.190797,0.1566542,-0.1306594,336.7167,52.7269,248.2482,-0.4663498,0.4743865,0.094963,-0.5023813,-0.9008408,1.708517,-0.2084314,-0.6810979,-0.04692125,354.2246,326.9857,227.3903,0.002429301,-0.003839615,0.001130853,0.0002957002,-0.001329959,0.0007199626

ShortAudioTest,9.880591,0.05781436,0.3838308,-0.3614839,22.9932,345.0632,356.9005,-0.1968951,0.1629752,-0.1293409,335.332,51.65449,249.0247,-0.4816533,0.4945387,0.100208,-0.4809526,-0.9688189,1.875426,-0.2084011,-0.6811429,-0.04691327,354.2246,326.9861,227.3882,0.002452672,-0.00387522,0.0009737707,0.0008367839,-0.001380466,-0.0001963054

ShortAudioTest,9.891614,0.05776525,0.3838474,-0.3615462,23.03069,345.1384,356.9688,-0.2030402,0.1693453,-0.1279936,334.0073,50.54482,250.017,-0.4941362,0.5099449,0.1043619,-0.3949327,-0.9858562,2.02173,-0.208366,-0.681177,-0.0469014,354.2229,326.9894,227.3923,0.002622701,-0.003564758,0.0009869421,-0.001056558,0.0008789449,0.001038218

ShortAudioTest,9.902685,0.05815613,0.3835821,-0.3615398,23.05496,345.2353,357.093,-0.207123,0.1728104,-0.1275357,332.7904,49.40953,251.1261,-0.5036075,0.5094371,0.09632473,-0.285431,-0.9854107,2.112168,-0.2082859,-0.6810442,-0.04714373,354.2094,326.9872,227.3915,0.003951335,-0.003150231,-0.0008981855,-0.001229019,0.001487127,-0.0003355573

ShortAudioTest,9.914764,0.05825424,0.3835074,-0.3615281,23.07816,345.3075,357.195,-0.2134082,0.1788691,-0.1263498,331.6811,48.30571,252.1458,-0.5120164,0.5131964,0.09819251,-0.2255211,-0.9728735,2.115728,-0.2082399,-0.68109,-0.04716098,354.2107,326.9866,227.3897,0.003989628,-0.003369905,-0.001069516,1.344281E-05,0.0007733348,-0.0008008461

ShortAudioTest,9.924995,0.05805004,0.3836926,-0.3615358,23.14374,345.3708,357.3053,-0.2197562,0.1852095,-0.1252105,330.5842,47.34966,252.6954,-0.5238138,0.5205531,0.09785756,-0.3355186,-0.9936367,1.992661,-0.2082126,-0.6811363,-0.0471808,354.2144,326.984,227.3917,0.003507542,-0.003541664,-0.001255337,0.0008749972,-0.0005020408,0.001017238

ShortAudioTest,9.936606,0.058182,0.3836851,-0.3614589,23.15692,345.4299,357.3848,-0.2234572,0.1880455,-0.1245971,329.327,46.2618,253.1679,-0.5289102,0.5159037,0.08919445,-0.4800428,-1.069743,1.926216,-0.2082037,-0.6811393,-0.04717097,354.2185,326.9833,227.3815,0.003178362,-0.003484441,-0.001041137,0.003743228,-0.001367573,-0.002196875

ShortAudioTest,9.947299,0.058267,0.383654,-0.3613061,23.13516,345.4816,357.4409,-0.2281187,0.1927036,-0.1240812,328.2979,45.45435,253.3556,-0.5442655,0.5318193,0.08404171,-0.658612,-1.16804,1.924525,-0.2081627,-0.6811529,-0.04717281,354.2161,326.9892,227.3853,0.00369081,-0.003177485,-0.0008251342,0.001740463,0.002387472,-0.001110148

ShortAudioTest,9.958456,0.05812383,0.3837581,-0.3611326,23.14254,345.5581,357.4751,-0.234992,0.1994498,-0.1234009,326.8089,44.246,254.0883,-0.5552895,0.5465423,0.07787189,-0.7346309,-1.179748,2.013061,-0.2081212,-0.6811785,-0.04718319,354.2119,326.9878,227.3861,0.003691497,-0.00287417,-0.0008339926,-0.0006854697,0.001436805,-0.001251744

ShortAudioTest,9.96982,0.05822301,0.3836091,-0.3609746,23.18863,345.6862,357.5031,-0.2372043,0.2016977,-0.1227762,325.0788,42.88636,255.5445,-0.5671753,0.5623869,0.06132509,-0.729456,-1.10601,2.299629,-0.2081398,-0.6811908,-0.04706755,354.2193,326.9844,227.3908,0.003262804,-0.002618668,6.778319E-05,-0.002782927,-0.0007371897,0.001344294

ShortAudioTest,9.981021,0.05819476,0.3835994,-0.3609178,23.2401,345.8342,357.5521,-0.2451071,0.2093328,-0.1224809,323.2048,41.22866,257.2852,-0.5969436,0.5901512,0.05110592,-0.7085795,-1.070926,2.620813,-0.2080917,-0.6812321,-0.04706445,354.2192,326.9809,227.3871,0.003521678,-0.002863806,0.0001304894,-0.001591046,-0.002333581,-0.0003409853

ShortAudioTest,9.992126,0.05802238,0.3837676,-0.3609127,23.27709,345.9433,357.578,-0.2535266,0.2171223,-0.1220054,321.2869,39.20116,259.1755,-0.6314003,0.6136221,0.04855828,-0.7169688,-1.137994,2.884403,-0.2080302,-0.6812755,-0.04705745,354.221,326.9866,227.3846,0.004028188,-0.003087102,0.0002741746,2.390067E-05,0.0007756288,-0.0007972864

ShortAudioTest,10.00363,0.05775106,0.3839878,-0.3609642,23.3506,346.0078,357.6117,-0.252058,0.2148827,-0.1201198,319.5991,37.00904,261.2885,-0.6455579,0.605132,0.0459807,-0.7037838,-1.224256,3.073207,-0.2081966,-0.6811842,-0.04694277,354.2302,326.9887,227.3846,0.002905624,-0.00306064,0.001562931,0.0005714878,0.0007277366,-0.001706435

ShortAudioTest,10.01442,0.05780482,0.3840753,-0.3609694,23.40276,345.9945,357.6517,-0.2610105,0.2221423,-0.1195753,317.8869,34.57284,263.2749,-0.6810904,0.6101552,0.04681388,-0.7279309,-1.357018,3.137426,-0.2081788,-0.6812214,-0.04693633,354.2347,326.98,227.3817,0.002457411,-0.003049649,0.001243934,0.002735096,-0.003639492,-0.001427248

ShortAudioTest,10.02568,0.05861068,0.3834922,-0.3610717,23.4104,345.9817,357.6998,-0.2674353,0.2269874,-0.1191378,316.7756,32.68755,264.6754,-0.7148889,0.6084093,0.04678124,-0.7462846,-1.511585,3.165906,-0.20816,-0.6812238,-0.04698884,354.232,326.9906,227.3918,0.002966225,-0.003068512,0.001058152,0.0008285979,0.001881522,0.002100813

ShortAudioTest,10.03682,0.05840349,0.3835133,-0.3610613,23.45078,346.005,357.7746,-0.2689,0.2259673,-0.1175374,315.2682,29.84723,267.336,-0.7347412,0.5872398,0.03961724,-0.693216,-1.564346,3.318919,-0.2082219,-0.6811138,-0.04701614,354.2259,326.9792,227.385,0.002478434,-0.002591533,0.0007107175,0.0001442577,-0.003977897,-0.002934354

ShortAudioTest,10.04787,0.05826676,0.3834682,-0.3610477,23.54415,346.0225,357.8306,-0.2193463,0.1758311,-0.101011,313.981,26.9568,270.0958,-0.6391828,0.4612239,0.06814366,-0.6295402,-1.492427,3.63079,-0.2081709,-0.6811417,-0.0469954,354.2292,326.9888,227.3902,0.003026595,-0.002454523,0.001008326,7.615265E-05,0.001660761,0.0004309849

ShortAudioTest,10.05957,0.05817103,0.38343,-0.3609363,23.61956,346.0301,357.8691,-0.227753,0.1807969,-0.1007486,312.4375,23.47994,273.8702,-0.665942,0.4610743,0.0561827,-0.5982607,-1.400683,3.892622,-0.2081498,-0.6811637,-0.04698855,354.2249,326.984,227.395,0.002657862,-0.002302111,0.0009014066,-0.002780982,-0.0007351543,0.00135262

ShortAudioTest,10.07046,0.0576055,0.3834308,-0.3610254,23.64868,345.9754,357.8557,-0.2303922,0.1788771,-0.09858727,310.8241,19.30081,278.6828,-0.6978332,0.4417354,0.04199331,-0.5692789,-1.232705,4.333009,-0.2084873,-0.681116,-0.04690939,354.2398,326.9843,227.3969,0.0007080359,-0.003514692,0.00191925,0.0008416068,-0.001377018,-0.0001772311

ShortAudioTest,10.08125,0.05746317,0.3834662,-0.3611687,23.72106,345.901,357.8158,-0.2393661,0.1826235,-0.09862527,309.419,14.82362,283.7392,-0.7299181,0.4343486,0.02752377,-0.5544615,-1.138093,4.61652,-0.2084821,-0.6811467,-0.04687876,354.2368,326.9838,227.3984,0.0005998185,-0.003255245,0.002107609,-0.0009925726,-0.001496191,-1.531599E-05

ShortAudioTest,10.09253,0.05859399,0.3825808,-0.3612838,23.78438,345.8781,357.7982,-0.2503791,0.1868913,-0.09913647,308.2642,9.298539,290.1867,-0.798606,0.4120016,0.005002475,-0.5306516,-1.05842,5.10008,-0.2084742,-0.6811818,-0.04685318,354.2366,326.9838,227.3926,0.0005887965,-0.003159281,0.00214122,0.0006307785,-0.00164689,-0.002764091

ShortAudioTest,10.10414,0.05871308,0.3825271,-0.361459,23.8439,345.8113,357.8096,-0.2595575,0.1887065,-0.09889424,307.5238,3.681552,296.3796,-0.8290932,0.3851858,-0.0008995941,-0.5129498,-1.070448,5.288895,-0.2082847,-0.6810559,-0.04680723,354.2306,326.9911,227.3916,0.002482502,-0.001967723,0.002374222,-0.002452299,0.002207006,0.0001449106

ShortAudioTest,10.11579,0.05863953,0.3824604,-0.3615979,23.89106,345.7764,357.8517,-0.2673575,0.1900891,-0.0991618,307.3022,359.4084,301.0279,-0.8784924,0.3443233,-0.01116692,-0.4710642,-1.126726,5.520629,-0.2082738,-0.6810886,-0.04677212,354.2344,326.9879,227.3819,0.002277966,-0.002420223,0.002797974,0.001816566,1.649471E-05,-0.002168112

ShortAudioTest,10.12654,0.05869746,0.3822657,-0.3615196,23.94352,345.7742,357.9505,-0.2793921,0.1924009,-0.09992427,307.4129,352.9761,308.2277,-0.9305693,0.3031593,-0.02440211,-0.432463,-1.132473,5.834033,-0.2082555,-0.6811179,-0.04672521,354.2328,326.986,227.3858,0.002084787,-0.002482424,0.003173395,0.0001427231,-0.000715117,-0.0006392841

ShortAudioTest,10.13805,0.05830801,0.3823202,-0.3615744,23.98693,345.7798,358.0383,-0.2907472,0.191785,-0.1000881,308.0398,346.1429,316.2977,-0.9824113,0.2417519,-0.03830135,-0.4234239,-1.008804,6.326802,-0.2083733,-0.6810261,-0.04674596,354.2296,326.9915,227.3913,0.001617905,-0.002107382,0.002960828,-0.001912045,0.002157379,-0.0007679792

ShortAudioTest,10.14901,0.05814564,0.3822888,-0.3616113,24.03913,345.8,358.0955,-0.3033258,0.1916244,-0.1010917,309.2012,339.5611,323.9437,-1.022877,0.1980917,-0.05135523,-0.4186767,-0.9788014,6.634665,-0.2083642,-0.6810733,-0.04670584,354.2381,326.99,227.3896,0.001419373,-0.002719909,0.003135366,0.002618195,0.00111937,0.0007257804

ShortAudioTest,10.16023,0.05832231,0.3819679,-0.3616988,24.03472,345.8256,358.0863,-0.3174247,0.1910262,-0.1025737,311.0589,332.8719,331.6623,-1.08315,0.1301555,-0.0718238,-0.4360793,-1.034306,7.00892,-0.2083477,-0.6810843,-0.04666704,354.2298,326.989,227.3915,0.001436399,-0.002187895,0.003187636,-0.001802146,0.0006620455,-0.0006209445

ShortAudioTest,10.17103,0.05819261,0.3819509,-0.3617719,24.02455,345.8333,358.0454,-0.330483,0.1882538,-0.1039448,313.403,326.6374,338.6703,-1.124844,0.04377075,-0.09322924,-0.4846272,-1.183742,7.250828,-0.2084676,-0.6809276,-0.0468652,354.2223,326.9895,227.3949,0.001024948,-0.001752089,0.001623974,-0.001380869,0.002104464,-0.001683571

ShortAudioTest,10.18216,0.05808938,0.3819855,-0.3618451,24.02184,345.8317,358.0103,-0.3444068,0.1845844,-0.1062842,316.1682,320.9887,344.9285,-1.160505,-0.05016286,-0.1245729,-0.5183581,-1.367942,7.40581,-0.2084622,-0.6809543,-0.04684547,354.2257,326.9867,227.4018,0.0009001564,-0.001871589,0.001659906,-0.001601279,0.0009298787,0.001966757

ShortAudioTest,10.19353,0.05819762,0.3818467,-0.3619391,24.01421,345.8261,357.9697,-0.3542132,0.1816378,-0.1084509,318.2609,317.4373,348.611,-1.181793,-0.1461765,-0.1588517,-0.5227935,-1.580988,7.44916,-0.2086225,-0.6807853,-0.04712957,354.2187,326.9791,227.3992,0.0002737367,-0.002035676,-0.0008692768,0.001904022,-0.001484261,-0.002013955

ShortAudioTest,10.20502,0.05818594,0.381723,-0.3619373,24.03038,345.8311,357.9831,-0.3677638,0.177178,-0.1112501,321.5305,312.9442,353.434,-1.186176,-0.2101107,-0.1800592,-0.5129839,-1.735837,7.396129,-0.2086105,-0.6808017,-0.04713425,354.2168,326.9826,227.4054,0.0005216178,-0.001866359,-0.0007523076,-0.0005309732,0.0008257455,0.0001360792

ShortAudioTest,10.21605,0.05804765,0.3816577,-0.3619131,24.05261,345.8684,358.0497,-0.3794451,0.1696733,-0.1140767,324.8824,309.0466,357.5367,-1.168357,-0.3146809,-0.2103237,-0.5111638,-1.874566,7.276663,-0.2086006,-0.6808161,-0.04713953,354.2166,326.9845,227.4075,0.0006376933,-0.001755602,-0.0006468305,-0.0004806065,0.001708829,0.001355637

ShortAudioTest,10.22717,0.05820405,0.3813984,-0.3617108,24.12159,345.903,358.1168,-0.3920103,0.1629333,-0.1176028,328.3083,305.6979,1.074471,-1.143502,-0.4034865,-0.2416125,-0.4987441,-1.9354,7.103141,-0.2086616,-0.6807483,-0.04702491,354.2194,326.985,227.4022,-4.171731E-05,-0.00115825,0.0004821663,-0.001115318,-3.391593E-06,-0.0001675074

ShortAudioTest,10.23809,0.05829751,0.3812238,-0.3616816,24.17577,345.9733,358.1997,-0.4014653,0.1545384,-0.120567,331.8158,302.8135,4.206641,-1.100745,-0.4646579,-0.255112,-0.4860049,-1.956005,6.933141,-0.2086682,-0.6807705,-0.04702681,354.2225,326.982,227.3997,-0.0001873932,-0.001350823,0.0002885447,0.0008288174,-0.001379765,-0.0001819741

ShortAudioTest,10.24977,0.05819201,0.3811777,-0.3616915,24.17237,345.9901,358.2344,-0.4122388,0.1466051,-0.1244723,334.7413,300.5541,6.706009,-1.033535,-0.554202,-0.2853884,-0.5099235,-1.870989,6.502003,-0.2086747,-0.6807843,-0.04702371,354.2167,326.9803,227.3973,-0.0002931799,-0.00128507,0.0002852395,-0.001216113,-0.001769215,-0.002606908

ShortAudioTest,10.26161,0.05819261,0.380949,-0.361715,24.16767,345.9943,358.2303,-0.4224628,0.1384842,-0.1282028,337.9102,298.4796,9.191862,-0.9960134,-0.5906885,-0.2959233,-0.5531839,-1.778183,6.280185,-0.2087567,-0.6807393,-0.04718411,354.2148,326.9802,227.4008,-0.0006262399,-0.001850977,-0.0008286909,0.0006620794,-0.0007689656,-0.001548015

ShortAudioTest,10.27171,0.0580858,0.3809454,-0.3617114,24.17175,345.9929,358.2053,-0.4264718,0.1327996,-0.1304718,339.6711,297.4019,10.54234,-0.9189489,-0.6354257,-0.3054379,-0.5804811,-1.663447,5.956447,-0.2088958,-0.6806563,-0.04720753,354.2131,326.9819,227.4033,-0.0008008931,-0.00157749,-0.0008327564,-0.001332778,-0.0002759805,-0.002748646

ShortAudioTest,10.28253,0.05796838,0.3809136,-0.3616923,24.18814,346.0052,358.1957,-0.4354051,0.124289,-0.1342487,342.6148,295.8176,12.36388,-0.8621998,-0.6737636,-0.3120119,-0.5064374,-1.605212,5.665737,-0.2089275,-0.6806751,-0.04722393,354.2145,326.9747,227.4094,-0.001461891,-0.001580099,-0.001056816,-0.002034761,-0.00377745,0.0007462039

ShortAudioTest,10.29402,0.05822611,0.3806275,-0.3615884,24.19388,346.0306,358.2169,-0.4436045,0.1155702,-0.1370356,345.5748,294.4038,13.658,-0.8046666,-0.7050248,-0.3063741,-0.3034952,-1.602659,5.369763,-0.2086856,-0.6806446,-0.04707342,354.2192,326.9805,227.3901,0.0008753671,-0.0008078631,0.0003878214,0.001962757,-0.0006006575,-0.0008009122

ShortAudioTest,10.30477,0.0581212,0.3805476,-0.3615423,24.19277,346.0544,358.2587,-0.4494215,0.1067891,-0.1405286,348.554,293.0925,14.70552,-0.7501448,-0.718904,-0.3047239,-0.09755521,-1.607024,5.137922,-0.2087022,-0.6806394,-0.04707316,354.2182,326.9726,227.3925,0.0001927036,-0.0003971046,0.0003065396,0.0003480188,-0.003709885,-0.0003443102

ShortAudioTest,10.31566,0.05803204,0.3804905,-0.3614793,24.19048,346.071,358.2948,-0.4559656,0.09837842,-0.1440018,351.2357,292.0248,15.13827,-0.6854123,-0.728527,-0.3015811,0.2037179,-1.589822,4.773272,-0.2086898,-0.6806391,-0.04706037,354.2184,326.9743,227.3949,0.0003967384,-0.0002405527,0.0005282855,-0.0003029037,-0.00216397,0.0004244359

ShortAudioTest,10.32699,0.05811191,0.3803277,-0.3613962,24.19085,346.071,358.3058,-0.461199,0.09084904,-0.1466202,353.7601,291.0323,15.50655,-0.6163709,-0.716663,-0.2934203,0.3926437,-1.5385,4.432349,-0.2086924,-0.6806456,-0.04708505,354.2181,326.9759,227.3994,-5.173392E-05,-3.794493E-05,0.0002109457,-0.0008456894,-0.002111224,0.001340925

ShortAudioTest,10.33846,0.05834651,0.3801843,-0.3613111,24.1664,346.0644,358.3045,-0.4655902,0.08295345,-0.1499823,356.0288,290.1332,16.08114,-0.5479343,-0.697152,-0.2968985,0.3955382,-1.455703,4.140659,-0.208714,-0.6805297,-0.04710749,354.2179,326.976,227.3924,0.0003584326,0.0001737147,-1.626009E-05,0.00136935,-0.001432517,-0.001105175

ShortAudioTest,10.34987,0.05824149,0.3801503,-0.3612164,24.15668,346.0669,358.2957,-0.4687883,0.07894671,-0.1524644,357.4205,289.4644,16.53799,-0.5082256,-0.6709328,-0.3023364,0.3303894,-1.444898,3.952762,-0.2087003,-0.6805121,-0.04710865,354.2104,326.9794,227.3949,0.0006568402,0.0006434009,-6.434473E-05,-0.002568973,0.0004377622,-0.002296427

ShortAudioTest,10.36051,0.05828893,0.380028,-0.3611424,24.14578,346.0545,358.2944,-0.4721807,0.07371092,-0.1553125,359.1166,288.3748,17.02008,-0.4267443,-0.6057349,-0.304645,0.2399059,-1.472708,3.517026,-0.2086115,-0.6804775,-0.0471963,354.2114,326.9812,227.3954,0.001784484,0.0005211201,-0.0005642196,6.292948E-05,0.001659196,0.0004281407

ShortAudioTest,10.37199,0.05838394,0.3799881,-0.3610297,24.13477,346.0314,358.2794,-0.475367,0.06765366,-0.1587308,0.9797274,287.4387,17.44483,-0.3845759,-0.5701212,-0.3027948,0.2367206,-1.452071,3.294826,-0.2085946,-0.6804739,-0.04720137,354.2125,326.9784,227.3932,0.001709525,0.000513806,-0.0005253781,0.0007138082,0.0001131617,-0.0003404154

ShortAudioTest,10.38352,0.058267,0.3800058,-0.3609259,24.1343,346.0339,358.2517,-0.4782817,0.06391537,-0.1610853,2.535324,286.6352,17.65558,-0.3307764,-0.5026551,-0.2855756,0.2637614,-1.381565,2.968221,-0.2085617,-0.6804501,-0.0472011,354.2108,326.9843,227.3958,0.002025349,0.0009554092,-0.0003591792,-4.673111E-05,0.003154494,0.0002805122

ShortAudioTest,10.39406,0.05834389,0.379862,-0.3608144,24.10433,346.0527,358.2404,-0.4806454,0.06019533,-0.1633852,3.986918,286.0765,17.58058,-0.2783691,-0.4397485,-0.2591006,0.3923703,-1.20902,2.666847,-0.208805,-0.6804005,-0.04721674,354.21,326.9808,227.4008,-0.0001327215,0.0008893088,-0.0004701658,-0.001872683,-0.0002227034,-0.001841113

ShortAudioTest,10.40563,0.05827057,0.3798666,-0.3607112,24.1011,346.0757,358.2557,-0.4825425,0.0569396,-0.1657986,5.248217,285.507,17.7201,-0.2433468,-0.3908204,-0.2431111,0.3713815,-1.10666,2.423879,-0.2088064,-0.6803883,-0.04722574,354.2113,326.9848,227.3978,-0.0001587882,0.0009576666,-0.0005726226,-0.0001483511,0.001391358,-0.002150532

ShortAudioTest,10.41642,0.05822265,0.3798624,-0.3605922,24.1072,346.1028,358.2825,-0.4837981,0.0561645,-0.1662385,5.899361,285.238,17.9045,-0.1957603,-0.3032417,-0.201925,0.2493255,-0.9148273,2.003343,-0.2088014,-0.6803757,-0.0472312,354.2097,326.982,227.409,7.615349E-05,0.00101316,-0.0005037044,-0.003445824,0.0008124934,0.002127038

ShortAudioTest,10.42766,0.05841339,0.3797513,-0.360441,24.13017,346.1581,358.3041,-0.4838648,0.05793583,-0.1663191,5.428402,285.3372,17.98512,-0.1392188,-0.1815975,-0.1597352,0.09537449,-0.6604989,1.336912,-0.2087245,-0.6803905,-0.04712868,354.2161,326.9822,227.3973,0.0004059654,0.001517735,0.0001871295,0.000126751,-0.000714955,-0.0006372903

ShortAudioTest,10.43873,0.05833757,0.3797368,-0.360332,24.11811,346.181,358.3199,-0.4845687,0.05783963,-0.1673149,5.611317,285.1632,18.06719,-0.1112928,-0.1206273,-0.1352234,0.04172616,-0.5303114,0.9805804,-0.2087179,-0.6803802,-0.04712683,354.2188,326.9846,227.3969,0.0004839843,0.001311369,0.0001781866,0.001309976,0.0009497231,-3.042476E-05

ShortAudioTest,10.44998,0.05825567,0.3797405,-0.360209,24.12648,346.1758,358.2933,-0.4849925,0.06050885,-0.1661901,5.148972,285.2451,18.02954,-0.07879072,-0.01818931,-0.08476693,-0.04236618,-0.3250409,0.4248768,-0.2087061,-0.6803502,-0.0471279,354.2124,326.9825,227.402,0.0006527131,0.001720377,6.622797E-05,-0.002950027,-0.0001201477,-1.016724E-05

ShortAudioTest,10.46136,0.05837429,0.3796771,-0.3600792,24.16466,346.2085,358.2863,-0.485055,0.06344771,-0.1660376,4.323152,285.3872,17.98839,-0.04921091,0.0721621,-0.05324863,-0.1116164,-0.158558,-0.1089025,-0.2086948,-0.680354,-0.04700392,354.2231,326.9819,227.3979,0.0002961653,0.001476418,0.00090848,0.000292931,-0.001325633,0.0007308433

ShortAudioTest,10.47209,0.05828059,0.3796678,-0.3599959,24.14851,346.2345,358.2479,-0.4846435,0.06617188,-0.1660339,3.497216,285.3853,17.84256,-0.02856388,0.1283481,-0.0378222,-0.1165473,-0.09975455,-0.4602688,-0.2086771,-0.6803323,-0.04699278,354.2213,326.9853,227.3982,0.0007051193,0.001601005,0.0009386928,-0.0005184083,0.0008326371,0.0001326014

ShortAudioTest,10.48372,0.05821455,0.3796412,-0.3599048,24.11386,346.2267,358.181,-0.4841962,0.07115078,-0.1649595,2.259868,285.4712,17.52658,-0.004935687,0.2107573,-0.01187314,-0.1188345,-0.03198605,-0.9165643,-0.2086736,-0.680292,-0.04698855,354.2181,326.9855,227.3956,0.0006227526,0.002181052,0.0007603008,-0.001270305,0.0006127515,-0.00153798

ShortAudioTest,10.4946,0.05800986,0.3795737,-0.3599151,24.12143,346.2294,358.1488,-0.4836981,0.07584846,-0.1643617,0.8875844,285.6327,17.18432,0.01456846,0.2711273,0.007048728,-0.09566984,0.04338862,-1.280701,-0.2090993,-0.6801792,-0.0471307,354.2247,326.9849,227.4146,-0.002160832,0.001622976,-3.737482E-05,-0.0005261658,0.0008334296,0.0001489725

ShortAudioTest,10.50577,0.05797684,0.3795099,-0.3597913,24.13326,346.1924,358.1228,-0.4828855,0.07971931,-0.1636491,359.7765,285.8447,16.91349,0.0355322,0.3200783,0.02628778,-0.0978852,0.1382965,-1.565952,-0.2091166,-0.6801704,-0.04712361,354.2213,326.9845,227.4126,-0.002136385,0.001501291,0.0001938811,-0.001278027,0.0006131331,-0.001521584

ShortAudioTest,10.51716,0.05787551,0.3793566,-0.3596556,24.17805,346.2197,358.2155,-0.4819413,0.08490789,-0.1626112,358.4136,286.21,16.65926,0.0541264,0.3550949,0.04713688,-0.1336794,0.2724038,-1.744782,-0.2091508,-0.6801645,-0.04712296,354.2266,326.9851,227.4162,-0.002392544,0.00117038,0.000139367,0.0002257185,0.001053745,0.001819509

ShortAudioTest,10.52853,0.05800021,0.3793041,-0.3594716,24.28053,346.2478,358.3204,-0.4803967,0.08977354,-0.1606167,357.0686,286.6618,16.4469,0.07461842,0.3745798,0.07043871,-0.1978495,0.3729418,-1.834725,-0.2089125,-0.6801597,-0.04701442,354.222,326.9869,227.4063,-0.0006508808,0.00217192,0.000745332,-0.002303872,0.001597803,0.001517688

ShortAudioTest,10.53935,0.05797374,0.379126,-0.3593923,24.3571,346.2806,358.4457,-0.4786774,0.09388161,-0.1594023,355.766,287.0194,16.23625,0.08815239,0.3761372,0.07877675,-0.2240697,0.4190851,-1.865634,-0.2089393,-0.6801425,-0.04701281,354.2229,326.981,227.3974,-0.001196313,0.001920888,0.0005474765,0.00132332,-0.002308238,-0.002317791

ShortAudioTest,10.55073,0.05795956,0.3789757,-0.3593358,24.42939,346.309,358.524,-0.4770379,0.0981276,-0.1575435,354.5146,287.4659,15.98543,0.1020554,0.374171,0.09217831,-0.2361174,0.4714578,-1.873078,-0.2089486,-0.6801029,-0.04700401,354.2223,326.9823,227.4028,-0.001046878,0.002339125,0.0006197387,-0.0004100889,-0.0006613897,0.0002834884

ShortAudioTest,10.56196,0.05752158,0.3792371,-0.3594203,24.45763,346.3284,358.5795,-0.4755334,0.1022202,-0.1564072,353.3158,287.8945,15.73461,0.1091947,0.3672696,0.09426844,-0.2187611,0.5016083,-1.856688,-0.2088922,-0.6800865,-0.04703745,354.2229,326.9851,227.3994,-0.0003100402,0.001918,0.0002628467,0.0007721539,0.001002193,0.0008871216

ShortAudioTest,10.57276,0.05758333,0.379104,-0.3593972,24.4728,346.3893,358.6148,-0.47363,0.1054051,-0.1551859,352.236,288.305,15.30607,0.1213714,0.3437329,0.09451824,-0.1287505,0.5104911,-1.811765,-0.2089052,-0.6800457,-0.04704016,354.212,326.9822,227.3993,-0.0005129529,0.002397622,0.0001355618,-0.003698527,-0.0003383018,-0.00167948

ShortAudioTest,10.58459,0.05764031,0.3790387,-0.3593144,24.49663,346.4468,358.6435,-0.4722311,0.1069877,-0.154633,351.5458,288.538,15.07098,0.1270745,0.3251089,0.08946299,-0.09811845,0.4983069,-1.763594,-0.2089005,-0.6800421,-0.04703951,354.218,326.9828,227.3972,-0.0002448464,0.002082867,0.0001286198,-0.0005712917,-5.01172E-05,-0.001086944

ShortAudioTest,10.59545,0.05775523,0.3788258,-0.3593268,24.48671,346.525,358.6613,-0.4706196,0.1098754,-0.1533914,350.6335,288.9212,14.7852,0.130084,0.3004723,0.08434055,-0.08326279,0.4784181,-1.650753,-0.2090144,-0.6799821,-0.0471732,354.215,326.9783,227.399,-0.000987572,0.001771529,-0.00091379,0.001315804,-0.002309912,-0.002318016

ShortAudioTest,10.60621,0.05779815,0.3788106,-0.3591781,24.45253,346.6247,358.676,-0.4685179,0.1117508,-0.1526876,349.8143,289.1351,14.56783,0.133542,0.2687717,0.07182725,-0.08884844,0.4097805,-1.517157,-0.2090073,-0.6799618,-0.04717946,354.2155,326.9841,227.3983,-0.0004293652,0.001741036,-0.000787216,0.001687563,0.001513032,-0.002309848

ShortAudioTest,10.61768,0.0578593,0.3787776,-0.3590193,24.39713,346.7039,358.6846,-0.4668056,0.1139824,-0.1517776,349.0036,289.4118,14.27715,0.1329268,0.248873,0.06599338,-0.07054488,0.369981,-1.430281,-0.2090175,-0.6799587,-0.04717845,354.2221,326.9818,227.4015,-0.0005357404,0.001227201,-0.0004597515,0.00330112,0.0004581181,0.001178955

ShortAudioTest,10.62872,0.05732453,0.379084,-0.3589328,24.35374,346.7609,358.666,-0.4656645,0.1153904,-0.1515349,348.4923,289.6183,14.08895,0.125375,0.2099239,0.05146022,-0.0477698,0.3328472,-1.241187,-0.2092628,-0.6798538,-0.04729009,354.2168,326.9788,227.4081,-0.002267964,0.001543251,-0.001162326,0.0006605463,-0.0007638597,-0.001540871

ShortAudioTest,10.64013,0.05743241,0.3790653,-0.3588052,24.31429,346.8408,358.674,-0.4637716,0.1161999,-0.1508809,348.0067,289.8912,13.86938,0.1244833,0.1757038,0.04772987,-0.01817613,0.3326289,-1.081353,-0.2092892,-0.6798261,-0.0473066,354.2116,326.9797,227.4105,-0.002209622,0.001858453,-0.001184029,-0.002576691,0.0004425578,-0.002281193

ShortAudioTest,10.65168,0.05753183,0.3790532,-0.3587199,24.27886,346.92,358.661,-0.4622869,0.1172681,-0.1496093,347.5233,290.2425,13.63601,0.1212637,0.1540451,0.05423505,-0.004108197,0.3553759,-0.979333,-0.2093136,-0.6798245,-0.0473201,354.2176,326.9818,227.4132,-0.00214699,0.001354526,-0.001163322,-0.0004817234,0.001715799,0.001363351

ShortAudioTest,10.66329,0.05758393,0.3791858,-0.3586031,24.25466,346.9871,358.6647,-0.4610095,0.1180528,-0.1489166,347.2314,290.7004,13.52505,0.1159766,0.1257989,0.0559941,-0.002353005,0.4386452,-0.8218842,-0.2092737,-0.6797606,-0.0472731,354.22,326.981,227.4055,-0.001491035,0.001679987,-0.0005423437,0.0007644038,0.001002334,0.0008933321

ShortAudioTest,10.67403,0.05773854,0.3791835,-0.3585469,24.21619,347.024,358.6546,-0.4597952,0.1174453,-0.1481822,347.1696,291.0955,13.52717,0.1134509,0.09218186,0.06101958,-0.01907472,0.5366759,-0.6512253,-0.2092873,-0.6797408,-0.04727536,354.2157,326.9822,227.4041,-0.001529312,0.001839753,-0.0004710931,-0.0006888621,0.001444994,-0.001228286

ShortAudioTest,10.68515,0.05885684,0.378462,-0.3585515,24.19539,347.0661,358.6626,-0.4587573,0.1176275,-0.1466548,347.0288,291.592,13.38772,0.1050817,0.06533726,0.06904002,0.009361739,0.5774305,-0.5211544,-0.2093147,-0.6797055,-0.04728556,354.2126,326.9777,227.4038,-0.001742977,0.002360309,-0.0005839138,-0.002463355,-0.001052232,-0.002138552

ShortAudioTest,10.69642,0.05902338,0.3785241,-0.3585087,24.19799,347.0959,358.6643,-0.4576213,0.1178112,-0.14599,346.905,292.0298,13.20094,0.09821033,0.04433041,0.06571445,0.06871443,0.5796319,-0.4283087,-0.2092232,-0.679669,-0.04738799,354.2109,326.9767,227.4004,-0.0007937861,0.002257017,-0.001563592,0.0001187087,-0.0007148507,-0.0006352105

ShortAudioTest,10.70725,0.05918157,0.3784525,-0.3584624,24.20821,347.1378,358.7153,-0.4562703,0.11737,-0.1451768,346.8161,292.4478,13.02845,0.09484639,0.02616495,0.0637555,0.1017865,0.5752459,-0.3520368,-0.2092403,-0.6796407,-0.04741582,354.2124,326.9753,227.4,-0.001015316,0.002289685,-0.001805171,0.0008200945,-0.001377758,-0.0001841409

ShortAudioTest,10.71857,0.05898178,0.3786193,-0.3584048,24.246,347.1819,358.8038,-0.4556085,0.117012,-0.143751,346.8889,292.821,12.89049,0.08297066,0.006605463,0.06392806,0.1240097,0.541088,-0.2308206,-0.2092545,-0.6796118,-0.04743302,354.2144,326.9761,227.4058,-0.001066921,0.002352608,-0.001705786,-0.0002120414,-0.0003931833,0.002867721

ShortAudioTest,10.72973,0.05903172,0.3785079,-0.3583615,24.30478,347.222,358.8753,-0.4549662,0.1165726,-0.1435991,346.988,293.0012,12.86914,0.07175811,-0.009437498,0.04866267,0.1159857,0.4548704,-0.1178263,-0.209317,-0.6796914,-0.04723978,354.2227,326.9744,227.3992,-0.002161093,0.001798711,-0.0003014301,0.0009390201,-0.002869653,-3.177225E-05

ShortAudioTest,10.74171,0.05917788,0.3784244,-0.3583903,24.31744,347.264,358.9207,-0.4543027,0.1156205,-0.1435664,347.1351,293.0727,12.85526,0.06076941,-0.0260633,0.03225464,0.1104116,0.3472928,-0.01617153,-0.2093303,-0.6796631,-0.04723814,354.2227,326.98,227.4029,-0.001939661,0.001996556,-0.0002192639,-0.0003632515,0.0002220242,0.001505705

ShortAudioTest,10.75239,0.05931115,0.3784029,-0.3584071,24.30577,347.296,358.9143,-0.4542688,0.1151426,-0.1430758,347.3024,293.0517,12.79239,0.04773278,-0.03705299,0.02372718,0.1315065,0.2342101,0.05966691,-0.2093575,-0.6796418,-0.0472483,354.2229,326.9802,227.3989,-0.00226639,0.00217368,-0.0004513162,0.0007191635,0.0001209364,-0.0003266655

ShortAudioTest,10.76299,0.05803716,0.3794929,-0.3582058,24.26079,347.2663,358.8637,-0.4539311,0.1144842,-0.1430407,347.4424,293.1251,12.61901,0.04107106,-0.04417356,0.0166951,0.1919862,0.1703833,0.07523492,-0.2094901,-0.6796623,-0.0471147,354.2209,326.9852,227.3979,-0.00339594,0.002401906,0.0008143505,-0.002723437,0.001060813,-0.003647332

ShortAudioTest,10.77448,0.05812216,0.3795562,-0.3581328,24.20154,347.2552,358.7766,-0.4535152,0.1135502,-0.1429951,347.5968,293.1856,12.30246,0.03512149,-0.05207419,0.01086055,0.2908997,0.112018,0.06592248,-0.2095357,-0.6796345,-0.04710695,354.2222,326.9859,227.4012,-0.00357877,0.002465493,0.0007797914,-0.002512724,0.001331151,-0.001060506

ShortAudioTest,10.78581,0.05788553,0.3798075,-0.3581098,24.13682,347.2614,358.7271,-0.4532546,0.1128153,-0.1423237,347.751,293.3253,12.02053,0.03050152,-0.05550571,0.01469609,0.3372411,0.1002508,0.06196373,-0.2095845,-0.6796314,-0.04708689,354.2308,326.9817,227.4011,-0.003772701,0.001766622,0.001061753,0.001586415,-0.001151055,0.001497233

ShortAudioTest,10.79649,0.05820024,0.3797309,-0.3579652,24.10608,347.2776,358.7081,-0.4527553,0.1122512,-0.1421034,347.8989,293.5346,11.83731,0.02764835,-0.0580623,0.01674796,0.3359779,0.1486075,0.07778946,-0.2094595,-0.6795465,-0.04713827,354.2138,326.9832,227.3909,-0.002293596,0.00277817,0.0006456951,-0.002024123,0.0003956039,-0.003206255

ShortAudioTest,10.80798,0.05824506,0.3797259,-0.35786,24.08878,347.3198,358.7101,-0.452312,0.1113309,-0.1416743,348.0341,293.7864,11.68809,0.02696322,-0.06057628,0.02130481,0.3203388,0.2030562,0.08361692,-0.2094901,-0.6795217,-0.04713139,354.2178,326.9824,227.3896,-0.002394738,0.002653526,0.0006110406,-2.969112E-05,-9.811249E-05,-0.00200095

ShortAudioTest,10.81905,0.05745649,0.3803099,-0.3578436,24.09015,347.3018,358.733,-0.452198,0.1109638,-0.1404096,348.1725,294.1761,11.60181,0.02412751,-0.05698105,0.03331396,0.2627572,0.2958783,0.09905534,-0.2095228,-0.6794876,-0.04712021,354.2187,326.9786,227.3911,-0.002499351,0.002796147,0.0007279688,-0.0004611092,-0.001542834,-0.0009374052

ShortAudioTest,10.83035,0.05769217,0.3802518,-0.3578024,24.07703,347.2888,358.7229,-0.4518689,0.1109329,-0.1403776,348.1764,294.2827,11.74088,0.02299111,-0.04957399,0.02784054,0.1495689,0.2991287,0.1128205,-0.2094177,-0.6794633,-0.04713228,354.2138,326.9869,227.3883,-0.001239533,0.002856971,0.000682258,-0.0007907244,0.002943184,-0.00138484

ShortAudioTest,10.8415,0.05777538,0.380254,-0.3577679,24.05649,347.2247,358.704,-0.4515014,0.1103864,-0.1403531,348.2118,294.3419,11.74268,0.02044753,-0.04322864,0.01787652,0.1048664,0.2330907,0.09411028,-0.2094368,-0.6794485,-0.04712063,354.2227,326.9825,227.3874,-0.001245774,0.002314745,0.0008334312,0.003307621,0.0004600085,0.001173276

ShortAudioTest,10.85269,0.057845,0.380249,-0.3577571,24.02059,347.1757,358.6897,-0.4514945,0.1103063,-0.1394321,348.2849,294.4483,11.61895,0.01637783,-0.03639146,0.02177174,0.1141394,0.1874072,0.07197659,-0.2094572,-0.679402,-0.04711616,354.2176,326.9792,227.3917,-0.001360769,0.00287036,0.0007227946,-0.0009525381,-0.0006092823,0.001193237

ShortAudioTest,10.86372,0.0574168,0.3805714,-0.3579807,24.0036,347.1592,358.677,-0.4513168,0.1102412,-0.1393753,348.3161,294.5407,11.45318,0.01430196,-0.02870641,0.01691207,0.1525842,0.1552451,0.0355843,-0.209587,-0.6793112,-0.04733741,354.2089,326.9782,227.3972,-0.001707966,0.002504788,-0.0009795044,-0.0005841402,-4.935914E-05,-0.001084915

ShortAudioTest,10.87468,0.05740988,0.38056,-0.3579174,23.95496,347.1232,358.6566,-0.4511759,0.1100847,-0.1393163,348.376,294.6615,11.36952,0.01248539,-0.02276363,0.01255612,0.1499046,0.1528895,0.03380381,-0.2096148,-0.6792923,-0.04734716,354.2141,326.9734,227.403,-0.001894638,0.002242573,-0.0009247591,-0.0001037905,-0.001885973,0.003016729

ShortAudioTest,10.88607,0.0573144,0.3805954,-0.357883,23.89979,347.0915,358.6277,-0.4512869,0.1103404,-0.1387969,348.4066,294.6797,11.38491,0.008080248,-0.01335963,0.009829693,0.09087312,0.1065508,0.03496393,-0.2096293,-0.679257,-0.04736233,354.2092,326.9744,227.3977,-0.001743203,0.002457219,-0.001049214,-0.0004743817,-0.00154465,-0.0009372616

ShortAudioTest,10.89734,0.05739081,0.3805033,-0.3577876,23.85743,347.0926,358.6303,-0.451185,0.1105567,-0.1390415,348.3627,294.6672,11.36237,0.007068671,-0.005113632,0.0008216827,0.06532234,0.06549947,0.004581307,-0.2096018,-0.6792439,-0.04725778,354.2195,326.9746,227.3974,-0.001486931,0.002244428,3.391389E-06,0.0004444861,-0.001934484,0.002098545

ShortAudioTest,10.90826,0.05738151,0.3805199,-0.3576882,23.79819,347.0665,358.5894,-0.4508975,0.1106365,-0.1391124,348.2571,294.6885,11.20117,0.009710174,0.002414263,-0.003450491,0.1001186,0.04337507,-0.07643984,-0.2096016,-0.6792194,-0.04725003,354.215,326.9784,227.396,-0.001193453,0.002441095,0.0002136188,-0.001118362,3.86977E-06,-0.0001705555

ShortAudioTest,10.91978,0.05742991,0.3805182,-0.3577193,23.73159,346.9781,358.5319,-0.4507669,0.1111017,-0.1386601,348.1439,294.763,10.88139,0.01184404,0.01143667,-0.000266213,0.1647953,0.02207465,-0.1692809,-0.2096208,-0.679201,-0.04723865,354.2151,326.9775,227.3963,-0.001367567,0.002104921,0.0004325068,-0.0004169994,-0.0006591126,0.0002804419

ShortAudioTest,10.93119,0.05740297,0.3804759,-0.357582,23.65857,346.919,358.4844,-0.4504352,0.1117774,-0.1387733,347.8397,294.8058,10.28993,0.01754867,0.02594541,-0.003162384,0.2992098,-0.0224625,-0.3584851,-0.2096709,-0.6791993,-0.04728177,354.2133,326.9816,227.3974,-0.001400312,0.001805648,0.0001210775,-9.811341E-05,0.002279951,-0.000928284

ShortAudioTest,10.94175,0.05732036,0.3804574,-0.3573702,23.55786,346.8649,358.4424,-0.4499953,0.1128007,-0.138981,347.4174,294.8649,9.690509,0.02509583,0.04441917,-0.007551635,0.3710675,-0.04821544,-0.5429742,-0.2097059,-0.6791905,-0.04729784,354.2184,326.9752,227.398,-0.00186852,0.001455081,-0.0003325398,0.002115828,-0.001204135,0.0005724136

ShortAudioTest,10.95308,0.05736315,0.3803527,-0.3572462,23.42186,346.8055,358.4243,-0.4495952,0.1141678,-0.1384671,347.0117,294.955,9.129937,0.03087466,0.06115132,-0.003579647,0.3970432,-0.05846817,-0.6612314,-0.2097061,-0.6791695,-0.0472883,354.2174,326.9785,227.4005,-0.001280478,0.001570303,3.703209E-05,0.0007633651,0.001004771,0.0008899554

ShortAudioTest,10.96426,0.05730414,0.3802619,-0.3569114,23.20808,346.7719,358.3967,-0.4483621,0.1160867,-0.1385897,346.2935,295.0632,8.093827,0.04854163,0.08830605,-0.005431302,0.5469277,-0.09860191,-0.9314816,-0.2095033,-0.6791812,-0.04736868,354.2099,326.9799,227.3908,0.0001886361,0.001801381,-0.000881856,0.002433075,0.001732778,-0.0006493657

ShortAudioTest,10.97568,0.05720997,0.3802148,-0.3564885,22.90542,346.751,358.3222,-0.446628,0.1184731,-0.1385288,345.2561,295.259,6.426411,0.07407551,0.1253232,-0.00427589,0.8287649,-0.1618141,-1.364305,-0.2095009,-0.679134,-0.04738212,354.2012,326.9815,227.399,0.000278337,0.002494868,-0.000931131,-0.003720457,0.002923536,0.0006039792

ShortAudioTest,10.98674,0.05724216,0.3802361,-0.3559456,22.70339,346.7242,358.1513,-0.4451963,0.1207979,-0.1378231,344.3754,295.5122,4.946013,0.09776019,0.1601913,0.003700248,1.072791,-0.1992849,-1.754976,-0.20951,-0.6791445,-0.04738188,354.2077,326.976,227.398,2.579539E-05,0.001715178,-0.0006904725,-0.0009153737,0.0002714936,0.002408377

ShortAudioTest,10.99774,0.05710185,0.380463,-0.3554741,22.5802,346.7661,357.9212,-0.4411392,0.1262665,-0.137096,342.0396,296.2281,1.262437,0.1701737,0.2568346,0.01996426,1.733734,-0.2950085,-2.895886,-0.2095042,-0.6792234,-0.04747859,354.2036,326.9734,227.3998,-0.0003010299,0.001242287,-0.001776197,-0.0004300929,-0.0006626692,0.0002763399

ShortAudioTest,11.0092,0.05685008,0.3807036,-0.3550416,22.44324,346.8425,357.6772,-0.4372305,0.1313648,-0.136273,339.8835,297.0768,358.1693,0.2156006,0.3187293,0.03236439,1.963409,-0.2832094,-3.506803,-0.2095001,-0.6792189,-0.04749638,354.2101,326.9737,227.3991,-8.478383E-05,0.0009908243,-0.00168742,0.002155799,-0.0003238957,0.001785383

ShortAudioTest,11.0201,0.05670488,0.3808792,-0.3543704,22.35364,346.9818,357.4551,-0.431856,0.1385366,-0.134122,336.922,298.4516,355.1295,0.2873652,0.4128725,0.06091281,1.861428,-0.1239482,-4.277663,-0.2095063,-0.679185,-0.04752892,354.2042,326.9728,227.3992,-0.0002716965,0.001554311,-0.002032521,-0.0004300992,-0.0006626709,0.000276326

ShortAudioTest,11.03118,0.0565598,0.3810385,-0.3540154,22.29499,347.1214,357.2809,-0.4241294,0.1475132,-0.1328671,333.3747,300.3222,352.593,0.3813607,0.5163356,0.07966546,1.402583,0.243576,-4.871911,-0.2095239,-0.6793369,-0.04730418,354.216,326.9733,227.3974,-0.001290772,0.001587523,-0.0003444396,-0.001599825,-0.002323098,-0.0003246209

ShortAudioTest,11.04273,0.05644405,0.3811983,-0.3537426,22.23299,347.2671,357.1709,-0.4159321,0.156311,-0.1309093,329.7681,302.8602,350.1568,0.4753311,0.5968617,0.1105397,0.9158892,0.7547343,-5.313824,-0.209534,-0.6793169,-0.04730612,354.2144,326.9753,227.3928,-0.001167483,0.001625604,-0.0002929401,-0.0006271169,-0.0009290125,-0.002304396

ShortAudioTest,11.05364,0.0565356,0.3812315,-0.3533737,22.17776,347.2755,357.0943,-0.407436,0.1649665,-0.1272873,326.5403,305.8214,347.1289,0.5437171,0.6447578,0.1516052,0.698608,1.125099,-5.591025,-0.2095443,-0.6793107,-0.04730052,354.2188,326.9767,227.3965,-0.001038017,0.00132533,-7.703084E-05,0.0001749104,0.0001738748,0.0005859513

ShortAudioTest,11.06452,0.05690777,0.3812453,-0.3530563,22.19207,347.2201,357.0593,-0.3982844,0.1722794,-0.1247938,323.827,308.9882,344.4095,0.6634021,0.6941413,0.1928165,0.5753079,1.628645,-6.032931,-0.2094368,-0.6793307,-0.04748347,354.2039,326.974,227.3918,-0.0001412535,0.001603734,-0.001763274,-0.0007965046,-0.0003200641,-0.00367595

ShortAudioTest,11.07576,0.0569694,0.3812033,-0.3528152,22.29587,347.1054,357.1375,-0.3858346,0.1803961,-0.12137,320.3351,313.8412,339.8164,0.7809169,0.7096729,0.2262711,0.5503486,2.067508,-6.475365,-0.2094426,-0.6793197,-0.04751283,354.2093,326.9749,227.3909,-0.0002732041,0.001435482,-0.00201877,0.001789363,1.862518E-05,-0.002166851

ShortAudioTest,11.08698,0.05688334,0.3810574,-0.35261,22.39884,347.0613,357.2156,-0.3724046,0.1880883,-0.1177489,316.9195,319.3337,334.7735,0.8972911,0.7066632,0.2421812,0.3822645,2.428981,-6.854922,-0.2094423,-0.6793076,-0.04753798,354.2125,326.9721,227.3926,-0.0001683036,0.001233186,-0.002057995,0.002650657,-0.00125655,-0.0003484868

ShortAudioTest,11.09812,0.05650926,0.3808138,-0.3525003,22.50448,347.0999,357.3341,-0.3577327,0.1954931,-0.1160727,313.4702,325.4684,329.1768,1.00609,0.6844838,0.218608,0.1148182,2.663818,-7.157018,-0.2094436,-0.6793956,-0.04744601,354.2121,326.9811,227.3949,-0.0003110913,0.001169414,-0.001062786,-0.0001006215,0.002281313,-0.0009287199

ShortAudioTest,11.10943,0.05624759,0.3804591,-0.3525686,22.65074,347.1395,357.4964,-0.3417819,0.2006799,-0.1146676,310.3282,332.6303,322.326,1.109574,0.6301313,0.1848496,-0.08536461,2.778702,-7.494207,-0.2094502,-0.6793796,-0.04745349,354.2105,326.98,227.3972,-0.0003816799,0.001273227,-0.0009258944,-0.001233497,0.001499698,-0.0003160328

ShortAudioTest,11.12056,0.05600643,0.3802097,-0.3525676,22.76249,347.1295,357.6333,-0.3251199,0.2042285,-0.1142869,307.7309,341.1323,314.0433,1.206915,0.5526397,0.1419156,-0.2278139,2.856919,-7.856814,-0.2094591,-0.6793753,-0.0474692,354.2139,326.9777,227.3947,-0.000463052,0.001048857,-0.001040862,0.000710447,0.0001230452,-0.0003301035

ShortAudioTest,11.1327,0.05575466,0.379975,-0.3527379,22.94978,347.0627,357.7483,-0.3087405,0.207305,-0.1142576,305.9901,350.4752,305.0443,1.262045,0.4928865,0.1102259,-0.3191452,2.938749,-8.022967,-0.2092963,-0.6794752,-0.0472191,354.218,326.9786,227.3859,-1.068783E-05,0.001381036,0.0008020054,-0.000460769,-0.001537412,-0.0009421044

ShortAudioTest,11.14349,0.05562103,0.3797433,-0.3529306,23.12893,346.937,357.8609,-0.2908459,0.2070419,-0.1149251,305.0803,0.9569054,295.133,1.332698,0.3734748,0.05922898,-0.4528342,3.115621,-8.180791,-0.2093034,-0.6794525,-0.04721609,354.2175,326.9771,227.3908,-0.000157923,0.001524307,0.0006581983,-0.001543167,-0.001436262,0.0008902767

ShortAudioTest,11.15439,0.05551648,0.3795098,-0.3530057,23.30126,346.8321,357.9877,-0.27946,0.2064946,-0.1172524,304.9666,8.207374,288.3467,1.371291,0.2501649,-0.007265877,-0.5663485,3.215707,-8.279857,-0.209295,-0.6794432,-0.04720834,354.2182,326.9782,227.3873,0.000106971,0.001462841,0.0007365585,0.0001309631,-0.0007052139,-0.0006384968

ShortAudioTest,11.16547,0.05543602,0.3791802,-0.3532386,23.50546,346.7187,358.1577,-0.2636313,0.204227,-0.118718,305.9261,18.24949,278.4231,1.379324,0.1103521,-0.05241803,-0.5483864,3.111594,-8.387197,-0.2094073,-0.6794673,-0.04715207,354.2271,326.981,227.3856,-0.0007995307,0.0009532336,0.001262086,0.003100617,0.0001962695,-0.00140737

ShortAudioTest,11.17702,0.05528331,0.3789678,-0.3534071,23.66028,346.6156,358.2815,-0.2468501,0.199247,-0.1203615,307.8785,27.42786,269.1595,1.383977,0.002291628,-0.0784774,-0.5278385,2.955038,-8.460612,-0.2094365,-0.679433,-0.04714823,354.2234,326.9756,227.3891,-0.001314989,0.001516434,0.0009592751,0.0002433142,-0.002199538,-0.0004858361

ShortAudioTest,11.18771,0.05499804,0.3788053,-0.3536304,23.81809,346.5341,358.4156,-0.2323143,0.1942041,-0.1230172,310.5416,35.09745,261.0402,1.350149,-0.1356502,-0.1159002,-0.5153806,2.657052,-8.497088,-0.2094404,-0.6794106,-0.04713464,354.2215,326.9798,227.388,-0.0009950474,0.001651514,0.0009993104,-0.0005677974,-4.113585E-05,-0.001083967

ShortAudioTest,11.199,0.05486965,0.37851,-0.3537406,23.94282,346.5086,358.5366,-0.219586,0.1877697,-0.1247651,313.6062,41.31576,254.466,1.28449,-0.2625415,-0.1348072,-0.4798016,2.450908,-8.311001,-0.2093301,-0.6794358,-0.04733905,354.2132,326.9798,227.3878,5.4338E-05,0.001432945,-0.0006149321,0.001145709,0.001569352,-0.001397801

ShortAudioTest,11.21065,0.05461311,0.3783183,-0.3538357,24.04725,346.5841,358.6698,-0.2070994,0.180986,-0.126592,316.6813,46.26925,249.7418,1.205517,-0.3667801,-0.1494041,-0.3969854,2.443105,-7.825896,-0.2093468,-0.6794196,-0.04734123,354.2146,326.9742,227.3961,-0.0004310028,0.001426182,-0.0004708641,-0.000800104,-0.00121846,0.002561806

ShortAudioTest,11.22131,0.05447614,0.3781717,-0.3538454,24.13592,346.6345,358.733,-0.195331,0.1731676,-0.1291624,319.8146,50.55984,246.2634,1.140461,-0.4236144,-0.1588307,-0.2627075,2.569248,-7.250217,-0.2093582,-0.6794041,-0.04733723,354.2138,326.9722,227.3921,-0.0006203405,0.001429439,-0.0002598501,-0.0003092626,-0.00215212,0.0004259782

ShortAudioTest,11.23273,0.05431414,0.37804,-0.3538885,24.14356,346.6918,358.7472,-0.1921554,0.1700585,-0.1300007,320.3051,51.61723,247.8688,0.9592433,-0.4651049,-0.1639439,0.3073086,3.06986,-5.408468,-0.2094049,-0.6795231,-0.04716796,354.2247,326.9785,227.3892,-0.001522563,0.0008072004,0.001009048,0.001423313,-0.000535302,0.0001209906

ShortAudioTest,11.24387,0.05421996,0.3779107,-0.3539419,24.12587,346.7394,358.7943,-0.183857,0.1642414,-0.1317547,322.2499,53.97573,247.4834,0.8642477,-0.4661213,-0.1540404,0.6495388,3.13224,-4.385561,-0.2094173,-0.6795079,-0.04714888,354.2208,326.9789,227.391,-0.001365188,0.0009689638,0.001216385,-0.001112265,9.074795E-06,-0.0001682235

ShortAudioTest,11.25487,0.0540154,0.3779945,-0.3538742,24.10803,346.7594,358.839,-0.1787318,0.1605135,-0.1317339,323.0048,54.60479,248.9424,0.7157339,-0.4343163,-0.1179664,1.050267,2.898429,-2.935305,-0.2094433,-0.6794864,-0.04713577,354.219,326.9781,227.3891,-0.001666557,0.001273986,0.001165398,-0.001162679,-0.0008737054,-0.001387991

ShortAudioTest,11.2663,0.05379844,0.3779594,-0.3538091,24.11054,346.8259,358.9001,-0.1765311,0.1563015,-0.1307611,323.3937,54.4102,250.5362,0.5586321,-0.3949334,-0.06537302,1.315913,2.358399,-1.732708,-0.2095032,-0.6795348,-0.04728389,354.2163,326.9829,227.3974,-0.001796307,0.0005615051,-0.00015731,-0.0006384846,0.002336171,-8.952175E-06

ShortAudioTest,11.27709,0.05376136,0.3778864,-0.3537466,24.1296,346.8953,358.9291,-0.1732913,0.1531655,-0.1302725,323.9082,54.22914,251.5655,0.4693839,-0.3587566,-0.02897639,1.378839,1.821572,-1.080788,-0.2095191,-0.6795284,-0.04728323,354.2128,326.9829,227.4025,-0.001619918,0.0005480461,-6.029246E-05,-0.003013924,0.002268058,0.0010689

ShortAudioTest,11.28856,0.05324697,0.3781266,-0.3535219,24.10473,346.9757,358.9286,-0.1729048,0.1514286,-0.1268717,323.5816,52.34631,252.8289,0.3383413,-0.2986306,0.04716616,1.241855,0.8062748,-0.3616173,-0.2095582,-0.6795422,-0.04728445,354.2209,326.9743,227.3963,-0.002162864,4.798932E-05,-7.884979E-05,0.002226557,-0.002693907,0.000722829

ShortAudioTest,11.29993,0.05336714,0.3780715,-0.3534312,24.09807,347.0601,358.9187,-0.1730518,0.1498169,-0.1241668,323.4287,50.91021,253.6108,0.2346734,-0.2460547,0.1007132,1.065231,0.1373141,-0.0170911,-0.2095321,-0.6796156,-0.04715785,354.2206,326.9776,227.3953,-0.002188988,0.0001444652,0.0007654801,-0.0003034049,-0.002146189,0.0004334319

ShortAudioTest,11.31071,0.0534476,0.3780391,-0.3533792,24.11374,347.1372,358.9442,-0.1743845,0.1500129,-0.1225529,323.3821,49.96533,254.6129,0.1551404,-0.1947908,0.1290717,1.121627,-0.07631648,0.2632741,-0.209534,-0.6795961,-0.04714638,354.2125,326.9837,227.3937,-0.00176589,0.0006884944,0.0008938292,-0.003269283,0.001118212,-0.002737282

ShortAudioTest,11.32177,0.05345535,0.3781946,-0.3533977,24.15229,347.2152,358.9287,-0.1741232,0.148845,-0.1205878,323.666,49.22424,255.9154,0.1114701,-0.164723,0.1431022,1.219313,-0.08800184,0.4234398,-0.2095557,-0.679618,-0.04712605,354.2218,326.9805,227.3973,-0.001766478,-0.0001189143,0.001179244,0.0003386185,-0.0004309753,0.001956685

ShortAudioTest,11.33348,0.05397189,0.3781937,-0.3533724,24.1171,347.2542,358.9203,-0.1741974,0.1491172,-0.1184846,323.9135,48.29002,257.4056,0.06269519,-0.1175941,0.156902,1.335452,-0.09355269,0.5688874,-0.2092274,-0.679684,-0.04716152,354.2119,326.9839,227.3879,0.0003306548,0.0009096036,0.0003916236,6.553195E-05,0.001675215,0.0004299917

ShortAudioTest,11.34389,0.05414605,0.3781826,-0.3533231,24.05376,347.275,358.9244,-0.1755257,0.1493783,-0.1164219,324.0569,47.49033,258.3961,0.0119879,-0.07732294,0.1636832,1.244183,-0.1607176,0.5936899,-0.2092291,-0.6796731,-0.04716119,354.2142,326.9807,227.3905,0.0001487075,0.0009254384,0.0002567319,0.0003351617,-0.0004324722,0.00194462

ShortAudioTest,11.35583,0.05387032,0.3784969,-0.3532756,24.00753,347.2915,358.9307,-0.177018,0.1499417,-0.1154363,323.9748,46.81842,258.7856,-0.03278396,-0.03795819,0.1537673,0.964286,-0.2958339,0.5505615,-0.2092206,-0.6796581,-0.04715848,354.2119,326.9814,227.3866,0.0002776708,0.001038403,0.0002183767,0.0001244794,-0.0007030364,-0.0006421914

ShortAudioTest,11.36715,0.05419803,0.3783361,-0.3531655,23.99806,347.312,358.938,-0.1781918,0.1518941,-0.1141383,323.557,46.27493,258.9836,-0.06796315,0.01313743,0.1428011,0.5981582,-0.4036747,0.5764825,-0.2091515,-0.6796981,-0.04708946,354.2193,326.9797,227.3864,0.000647318,0.0005323529,0.000654288,0.002281429,-0.00180751,0.001928617

ShortAudioTest,11.37789,0.05428112,0.3783157,-0.3531097,23.99407,347.336,358.9373,-0.1799463,0.1530217,-0.1128022,323.0146,45.64409,259.4965,-0.09717008,0.0450859,0.1328025,0.3702832,-0.4324738,0.6970985,-0.2091278,-0.6796595,-0.04708299,354.2075,326.989,227.3792,0.001068933,0.001337894,0.0006338506,-0.001004063,0.002682347,-0.003976322

ShortAudioTest,11.38893,0.0533849,0.3790073,-0.3532507,24.00088,347.3495,358.9326,-0.1827939,0.1554716,-0.1142848,321.8318,45.10347,259.6722,-0.1613728,0.1094453,0.0953804,-0.03081525,-0.5142525,1.005717,-0.2091378,-0.6796588,-0.04707733,354.2151,326.9805,227.3837,0.0004541607,0.0009457025,0.0005914174,0.001529485,-0.002027301,0.0002580104

ShortAudioTest,11.40041,0.05349278,0.3790442,-0.3533711,23.98043,347.3336,358.9093,-0.1854706,0.1582563,-0.1133493,320.887,44.2404,260.3574,-0.1923066,0.1468146,0.09137523,-0.1711659,-0.5654255,1.186176,-0.2092592,-0.6796991,-0.04708165,354.2148,326.9862,227.3927,-0.0003907036,0.0004057535,0.0006150558,-0.0005253748,0.000847551,0.0001323171

ShortAudioTest,11.41211,0.05359328,0.3790848,-0.3534907,23.97219,347.2455,358.846,-0.1895677,0.1614617,-0.11208,319.6733,42.9396,261.4222,-0.2462573,0.1921056,0.09594483,-0.2683342,-0.679468,1.484882,-0.2092695,-0.6796955,-0.047077,354.2114,326.9835,227.3907,-0.0005705928,0.0003473814,0.0005356493,-0.001167638,-0.0008676493,-0.001390788

ShortAudioTest,11.42264,0.05355537,0.3792472,-0.3537074,23.96804,347.1451,358.8025,-0.1941109,0.1643257,-0.1125249,318.4046,41.22927,262.8097,-0.3025917,0.2271654,0.08922168,-0.2736348,-0.8225596,1.801315,-0.2092805,-0.6796807,-0.04707456,354.2098,326.9833,227.3929,-0.000699316,0.0006130763,0.0004032909,-0.001708777,-0.0008169725,-0.0004745424

ShortAudioTest,11.43371,0.05380607,0.3792011,-0.3537894,24.00402,347.0916,358.79,-0.2000403,0.1680971,-0.1109019,317.0172,39.05582,264.7358,-0.3664779,0.2624103,0.1055178,-0.2505671,-0.9927317,2.142225,-0.2092749,-0.6797425,-0.04710859,354.2135,326.9876,227.3934,-0.0002562472,-8.491103E-05,0.0002637618,0.001306894,0.0009667667,-2.720082E-05

ShortAudioTest,11.44457,0.05385554,0.3792201,-0.3538445,24.02802,347.0401,358.757,-0.2061473,0.1714085,-0.109188,315.563,36.41306,267.0692,-0.4297108,0.2896815,0.1186276,-0.222646,-1.173863,2.530011,-0.2092949,-0.6797405,-0.04712284,354.2163,326.9829,227.3908,-0.0006639246,-5.557105E-06,-0.000171506,0.002659106,-0.001242244,-0.0003448947

ShortAudioTest,11.45667,0.05357313,0.3794043,-0.3541006,24.05027,346.993,358.7589,-0.2135326,0.1756713,-0.1089189,313.905,33.30426,270.0172,-0.4973189,0.3205007,0.1124865,-0.2103067,-1.267351,2.995581,-0.2092853,-0.6797282,-0.04711628,354.2083,326.9837,227.3912,-0.000283874,0.0002823335,1.123682E-06,-0.0006284449,-0.000917859,-0.002304477

ShortAudioTest,11.46779,0.05385005,0.3791866,-0.3541092,24.0418,346.9544,358.7447,-0.2192397,0.1777346,-0.1078452,312.7203,30.91527,272.5093,-0.5502779,0.3328518,0.1143579,-0.2029589,-1.297634,3.354397,-0.2094059,-0.6796702,-0.0473552,354.2032,326.9814,227.4028,-0.0007987545,-3.805036E-05,-0.001744426,-0.001129825,1.268313E-05,-0.0001649634

ShortAudioTest,11.47752,0.05383909,0.3792658,-0.3541488,24.02588,346.9142,358.7203,-0.2274828,0.1814902,-0.1067309,311.0883,27.06697,276.4656,-0.6002924,0.3463051,0.1105722,-0.1976571,-1.313896,3.752754,-0.2094264,-0.6796781,-0.04737797,354.208,326.9796,227.4009,-0.00107182,-0.0002065757,-0.001778512,0.001405778,-0.0005315557,0.0001243158

ShortAudioTest,11.48897,0.05358088,0.3795866,-0.3541433,23.96964,346.8261,358.6309,-0.2383366,0.1861758,-0.1066659,309.2061,21.6364,282.1924,-0.7062929,0.3656716,0.09231286,-0.200227,-1.37874,4.507701,-0.209448,-0.679684,-0.04740918,354.2086,326.976,227.3986,-0.001295532,-0.0003534935,-0.002035632,0.002056737,-0.002077665,-0.0006440271

ShortAudioTest,11.49994,0.05391014,0.3797058,-0.3541183,23.89699,346.7155,358.5209,-0.2501355,0.1895401,-0.1057504,307.7428,15.81166,288.2575,-0.7909802,0.3578677,0.08585864,-0.205598,-1.468252,4.948897,-0.2091697,-0.6797892,-0.04720572,354.2103,326.9819,227.387,0.000398379,0.0003102638,-0.0005621095,0.0007147508,0.0001321351,-0.0003371024

ShortAudioTest,11.511,0.05387676,0.3798375,-0.3540259,23.79506,346.6201,358.4009,-0.2605088,0.1921493,-0.1050064,306.757,9.906673,294.2581,-0.8364525,0.3442361,0.07929501,-0.2138476,-1.538624,5.194346,-0.2091482,-0.6797737,-0.04720807,354.2093,326.9923,227.3841,0.0008361663,0.0006315807,-0.0004520496,0.0009273649,0.004567307,-0.001695914

ShortAudioTest,11.52232,0.05354798,0.3801557,-0.3538758,23.70155,346.5539,358.3239,-0.2725977,0.1949708,-0.1056316,306.1035,3.057163,301.2303,-0.9007257,0.3186682,0.05569826,-0.2214632,-1.609851,5.51411,-0.2091694,-0.6797756,-0.04723057,354.2108,326.9754,227.3822,3.410476E-05,0.0003372584,-0.0008768731,0.002125535,-0.004455353,-0.001726939

ShortAudioTest,11.53341,0.05340981,0.380337,-0.3536676,23.61652,346.5082,358.2401,-0.2825198,0.1955913,-0.1054961,305.9637,358.0039,306.5354,-0.9680336,0.2719638,0.0393323,-0.2268377,-1.633211,5.791835,-0.2092894,-0.6797591,-0.04725698,354.2104,326.984,227.3932,-0.0007033189,0.0005552639,-0.001023622,-0.001119797,1.688205E-05,-0.000168789

ShortAudioTest,11.54459,0.05321503,0.3805038,-0.3533057,23.50051,346.4843,358.1173,-0.2946146,0.1966345,-0.1056869,306.1435,351.2101,313.5699,-0.9994134,0.2372349,0.02351752,-0.2501476,-1.642208,5.926901,-0.2093076,-0.6797615,-0.04727656,354.2114,326.9802,227.3907,-0.0009925968,0.0003110366,-0.00125422,0.0002323246,-0.002192164,-0.0004865188

ShortAudioTest,11.55549,0.05421805,0.3797261,-0.353073,23.29744,346.3966,357.944,-0.307508,0.1970745,-0.107152,306.7278,344.4,320.2961,-1.038563,0.1558163,-0.01820144,-0.3012325,-1.750592,5.936586,-0.2093115,-0.6797546,-0.04728138,354.2113,326.985,227.3908,-0.0008378411,0.0003316022,-0.001034374,0.0007144119,0.0001353981,-0.0003306604

ShortAudioTest,11.56717,0.05384576,0.3799126,-0.3526074,23.00634,346.2944,357.7436,-0.3199745,0.1969705,-0.1081997,307.7166,338.1651,326.3444,-1.047344,0.1098735,-0.0370133,-0.3254374,-1.872248,5.804479,-0.2092012,-0.6797384,-0.04731655,354.2064,326.9783,227.3871,-0.000189778,0.0007382341,-0.00150595,-0.0003598435,-0.003026149,-0.0007943775

ShortAudioTest,11.57802,0.05348003,0.3799717,-0.3519685,22.64614,346.2718,357.5451,-0.3313823,0.1953794,-0.1093616,308.9316,332.7721,331.1419,-1.039419,0.03668566,-0.06117251,-0.3075653,-2.051818,5.482623,-0.2091962,-0.6797436,-0.04732475,354.2083,326.9845,227.3846,-7.893095E-05,0.0003481571,-0.001288714,0.001255394,8.279971E-05,-0.001251366

ShortAudioTest,11.58932,0.05423295,0.3792145,-0.3511553,22.27295,346.2286,357.3303,-0.3428034,0.1937107,-0.1115618,310.4221,327.7917,335.56,-1.025066,-0.009255478,-0.08417644,-0.2705805,-2.11726,5.246122,-0.2091951,-0.6797277,-0.04734272,354.2077,326.9878,227.384,-3.485918E-05,0.0006172643,-0.001343808,0.001145911,0.001578099,-0.001398946

ShortAudioTest,11.60082,0.05355525,0.3794558,-0.3500168,21.93638,346.1834,357.074,-0.3519231,0.1909323,-0.1128493,312.019,323.8906,338.4698,-0.9776117,-0.07713335,-0.09813701,-0.1211157,-2.253905,4.748699,-0.2092242,-0.6797582,-0.04734591,354.2066,326.9862,227.388,-0.0004580435,0.0007195823,-0.00154682,-0.001278875,0.0006281032,-0.001536853

ShortAudioTest,11.61163,0.05300498,0.3795692,-0.3486767,21.72914,346.1876,356.7894,-0.3581425,0.1890934,-0.1138777,312.9742,321.8383,339.5643,-0.9403251,-0.1161115,-0.1054479,0.02863294,-2.375519,4.294331,-0.2092369,-0.6797589,-0.04735881,354.2128,326.9815,227.39,-0.0007515338,0.0005557858,-0.001589205,0.000985278,-0.001973433,0.001183112

ShortAudioTest,11.62304,0.0520134,0.3800329,-0.3467541,21.79257,346.3015,356.5782,-0.3653458,0.186316,-0.115343,314.018,319.883,339.3233,-0.8358669,-0.1731147,-0.1138296,0.3893097,-2.610638,3.196851,-0.2092342,-0.6797489,-0.04737651,354.2148,326.9826,227.3901,-0.0004831237,0.0006325241,-0.001590591,0.001577048,-0.001141191,0.001486512

ShortAudioTest,11.63401,0.05104089,0.3805568,-0.34483,22.18425,346.5507,356.4089,-0.3707745,0.184278,-0.1165343,315.0571,318.1524,339.2062,-0.733621,-0.189707,-0.1124136,0.6379929,-2.63594,2.407158,-0.2090884,-0.6798311,-0.04718962,354.22,326.9873,227.3811,0.0001740915,0.0007619641,-7.025264E-05,0.002127544,-0.001189219,0.0005675862

ShortAudioTest,11.64493,0.04998624,0.3809311,-0.3429462,22.4844,346.7961,356.263,-0.3771176,0.1819696,-0.1179377,316.0322,316.5443,339.4582,-0.6711211,-0.1930922,-0.1137177,0.7147926,-2.488199,2.003768,-0.2090733,-0.6798025,-0.04718044,354.2128,326.9907,227.3829,0.0005338555,0.001284493,0.0001780742,-0.001810626,0.0006819469,-0.0006227913

ShortAudioTest,11.65651,0.04768097,0.3820332,-0.3406196,22.68003,347.07,356.1775,-0.3806913,0.1803254,-0.1185863,316.4207,316.1688,339.3783,-0.5514941,-0.1821457,-0.1109389,0.6315596,-1.893761,1.464038,-0.2090541,-0.6797932,-0.04718214,354.2149,326.9917,227.3825,0.0008951533,0.001130253,8.282292E-05,-0.0005174731,0.0008509365,0.0001314889

ShortAudioTest,11.66778,0.04683745,0.3821194,-0.338353,22.7317,347.3184,356.0886,-0.3836695,0.1799068,-0.1199878,316.9667,315.3437,339.6808,-0.4801195,-0.158141,-0.1109486,0.534002,-1.5665,1.241472,-0.2090716,-0.6797777,-0.04717231,354.2126,326.9922,227.3792,0.0003696151,0.001370806,-4.626741E-05,-0.0007276288,0.0005815424,-0.002454807

ShortAudioTest,11.67923,0.04572213,0.3824553,-0.3355398,22.81097,347.4318,355.947,-0.3857262,0.1784823,-0.1207685,317.1194,315.1553,339.9514,-0.3941606,-0.1373677,-0.1042565,0.3551901,-1.065989,0.9582925,-0.2090838,-0.6797789,-0.04717913,354.2221,326.9867,227.3776,-3.404931E-05,0.0009443235,-0.0001953273,0.003370831,-0.001902209,0.0001025422

ShortAudioTest,11.68982,0.04517102,0.3825397,-0.3323089,23.00337,347.42,355.6197,-0.3864269,0.17838,-0.1202277,317.1597,315.3795,340.0234,-0.3220071,-0.1110027,-0.08374505,0.2630222,-0.6735429,0.7605828,-0.2090669,-0.6797529,-0.04717118,354.2115,326.998,227.378,0.0004634693,0.00146175,8.425921E-05,-0.001647889,0.00423547,-0.003200084

ShortAudioTest,11.70107,0.04394364,0.3830841,-0.3288229,23.28515,347.4371,355.2393,-0.3877419,0.1783419,-0.120547,317.4869,315.2772,339.992,-0.2601677,-0.08439355,-0.06302239,0.2876563,-0.492716,0.6056266,-0.2091367,-0.6797699,-0.04725596,354.2152,326.9902,227.3854,-0.0002535327,0.0006437207,-0.0005301843,0.0007210152,0.0001376243,-0.0003299299

ShortAudioTest,11.71231,0.0424186,0.3835226,-0.3249,23.39778,347.4443,354.7158,-0.3895525,0.177527,-0.1206897,317.9007,314.9881,340.0611,-0.2284634,-0.07309548,-0.04790467,0.3105188,-0.4210309,0.5542148,-0.2091374,-0.6797532,-0.04726517,354.2136,326.9907,227.3853,-0.0001574433,0.0009264358,-0.0005861326,1.96688E-05,0.0008007315,-0.0007807515

ShortAudioTest,11.72303,0.04044533,0.3840075,-0.3206024,23.46494,347.6143,354.1918,-0.390972,0.1773821,-0.1195377,318.3226,314.8287,340.1066,-0.1938657,-0.05502078,-0.01743484,0.3282643,-0.3436252,0.5234665,-0.2091455,-0.6797565,-0.04727778,354.217,326.9882,227.3875,-0.0003294233,0.0005486874,-0.0007424279,0.0008813083,-0.0004748137,0.00103717

ShortAudioTest,11.73445,0.03801358,0.3843514,-0.3158717,23.39643,347.8709,353.6227,-0.392526,0.1770639,-0.1188837,318.6762,314.6494,340.1374,-0.1669169,-0.04134126,0.005343242,0.3342879,-0.3027306,0.4744345,-0.2092298,-0.6797415,-0.04726472,354.2221,326.9848,227.3923,-0.000757611,0.0001159655,-0.0007618338,0.0004527637,-0.00191975,0.002105452

ShortAudioTest,11.74542,0.03573895,0.3845879,-0.3111667,23.42477,348.2228,353.1011,-0.3934525,0.1771162,-0.1180827,318.894,314.533,340.1041,-0.1388368,-0.02674018,0.02542023,0.3075354,-0.2707392,0.3909558,-0.209231,-0.6797322,-0.04727936,354.2201,326.9918,227.3882,-0.0005525298,0.0003188563,-0.000921813,0.0006140877,0.001632797,-0.0004725236

ShortAudioTest,11.75709,0.03360093,0.3843527,-0.3061867,23.48803,348.7803,352.6253,-0.3940821,0.1774198,-0.1167467,318.9465,314.4946,339.9829,-0.1111694,-0.01070403,0.04789162,0.2515882,-0.2389697,0.2516331,-0.2092295,-0.679715,-0.04729486,354.2156,326.9909,227.3878,-0.0003508529,0.0006396297,-0.001041898,-0.001270747,0.0006313728,-0.001530264

ShortAudioTest,11.76811,0.03090179,0.3842177,-0.3009619,23.63764,349.5189,352.284,-0.3954276,0.1769832,-0.115843,318.9764,314.4513,339.8925,-0.1033655,-0.007599184,0.06119917,0.2246579,-0.2295952,0.1600392,-0.2094169,-0.679664,-0.0474149,354.2192,326.9865,227.3909,-0.001505705,8.380962E-05,-0.001716134,0.002501074,-0.0006273059,-0.001699988

ShortAudioTest,11.77888,0.02767026,0.3841273,-0.2956683,23.84252,350.3126,352.1036,-0.3959483,0.1773521,-0.1143628,319.0321,314.4408,339.8046,-0.08262186,0.003284935,0.08222933,0.1902822,-0.188574,0.104786,-0.2094142,-0.6796559,-0.04742104,354.2169,326.9914,227.3985,-0.001079314,0.000323053,-0.001507133,-0.001176034,0.002396416,0.000915815

ShortAudioTest,11.79034,0.02523541,0.3828964,-0.2895901,24.13905,351.2707,352.1356,-0.3966082,0.1775914,-0.1125204,319.2162,314.2934,340.1627,-0.07320181,0.009244901,0.1026094,0.09208567,-0.08676572,0.2194195,-0.2094373,-0.679653,-0.0474357,354.2161,326.984,227.3994,-0.001314557,0.000328806,-0.001413759,-0.001548018,-0.001426503,0.0009073109

ShortAudioTest,11.80155,0.02137852,0.3824928,-0.2837079,24.48072,352.2508,352.2956,-0.3979937,0.1774338,-0.1108015,319.5182,314.0664,340.6189,-0.0764811,0.006739093,0.1160935,0.04451738,-0.02513582,0.3500576,-0.2092283,-0.6797527,-0.04737031,354.2126,326.989,227.3913,6.785299E-05,0.0004261486,-0.0008617709,-0.002356056,0.0007324559,0.0003011597

ShortAudioTest,11.81269,0.01719344,0.3820252,-0.2776808,24.84833,353.2648,352.5331,-0.3989556,0.1772124,-0.1085353,320.0201,313.7714,341.0872,-0.07824294,-0.0003956654,0.1395208,0.06965548,-0.01206718,0.5168032,-0.2092221,-0.6797413,-0.04738235,354.2112,326.9926,227.3938,0.000213375,0.0006043477,-0.0009173083,-0.003006751,0.002278449,0.001070019

ShortAudioTest,11.82367,0.01309943,0.3809143,-0.2712592,25.12084,354.3759,352.8076,-0.3998306,0.1768124,-0.1055318,320.6912,313.6933,341.0352,-0.07737417,-0.01071389,0.1713702,0.2583524,-0.0591041,0.5684813,-0.2092229,-0.6797534,-0.04739439,354.2206,326.9851,227.3922,0.0001829438,0.0002015318,-0.0009165332,0.001041187,-0.001087605,0.002407975

ShortAudioTest,11.8355,0.007907867,0.3802874,-0.2649361,25.30389,355.3899,352.9798,-0.4009029,0.1758631,-0.1023743,321.4146,313.8206,340.8561,-0.06877009,-0.02070493,0.1987879,0.4447339,-0.03513849,0.5790138,-0.2093,-0.6797742,-0.04729563,354.2215,326.9892,227.3878,-0.0001990472,0.0001886058,0.0001518043,-2.57895E-05,-8.027399E-05,-0.001990726

ShortAudioTest,11.84623,0.003062725,0.3793702,-0.2582805,25.47524,356.2236,352.8438,-0.4020439,0.1754975,-0.0994938,322.3701,313.8365,340.8232,-0.07037755,-0.03035166,0.2161056,0.6205341,-0.03058593,0.6940417,-0.2093053,-0.6797734,-0.04729417,354.2218,326.9887,227.3896,-0.0002803928,0.0002228627,0.0001354767,-0.0005668518,-2.976986E-05,-0.001074462

ShortAudioTest,11.85753,-0.001402974,0.3778125,-0.2515084,25.52133,356.9595,352.5093,-0.4025841,0.174812,-0.09633973,323.1294,314.183,340.9427,-0.06983903,-0.04251799,0.2481401,0.6840106,0.1808015,0.8348429,-0.209309,-0.6797658,-0.04728922,354.2234,326.9854,227.3889,-0.0003852781,0.0004118363,0.0001932003,0.0002443645,-0.002188136,-0.0004764627

ShortAudioTest,11.86889,-0.006611943,0.3764856,-0.2449062,25.45336,357.6985,352.2158,-0.4037108,0.1742409,-0.09324253,323.8025,314.2536,342.103,-0.07228556,-0.03850136,0.2530822,0.3705528,0.5095099,1.122689,-0.2090943,-0.6798025,-0.04727027,354.2096,326.991,227.3852,0.001222611,0.0007252424,0.0003369041,-0.003805008,0.00117719,-0.001823549

ShortAudioTest,11.88015,-0.01211333,0.3744535,-0.238234,25.30935,358.4702,351.972,-0.4047043,0.1739366,-0.09046143,324.4587,314.2874,343.4458,-0.07568063,-0.03447368,0.2477363,0.09590641,0.7502162,1.349312,-0.2091017,-0.6798102,-0.0472852,354.2168,326.9814,227.3854,0.0006505338,0.0003450632,-0.0001704856,-0.0001887441,-0.003633842,0.0005777518

ShortAudioTest,11.89154,-0.01764834,0.3718193,-0.2314697,25.10315,359.4445,351.8573,-0.4055742,0.1739528,-0.08713299,324.8822,314.3398,345.0771,-0.07548665,-0.02559939,0.2473618,-0.245865,0.9770078,1.49791,-0.2090758,-0.6797994,-0.04726928,354.2139,326.9885,227.3828,0.001072655,0.0005029075,0.0002516871,-0.0005680982,-3.06668E-05,-0.001083944

ShortAudioTest,11.90265,-0.02398407,0.3693413,-0.2249392,24.74479,0.5661721,351.7764,-0.4068594,0.1737461,-0.08426508,325.058,314.3849,346.0331,-0.07674599,-0.0205943,0.2469854,-0.3812433,0.9590815,1.344217,-0.2093072,-0.6798009,-0.04718599,354.2274,326.9862,227.3922,-0.0008520009,3.121282E-05,0.0006954584,-0.0002907195,-0.002135557,0.000444295

ShortAudioTest,11.9138,-0.03033281,0.3660673,-0.218379,24.17245,1.830559,351.7857,-0.4075933,0.1735739,-0.08113995,325.2775,314.5359,346.3379,-0.07257655,-0.01940811,0.2528684,-0.2908082,0.8241776,1.096165,-0.2093271,-0.679787,-0.0471836,354.2223,326.9835,227.3923,-0.00116977,0.0003603485,0.0005296311,-0.002175498,-0.003137065,-0.0006134972

ShortAudioTest,11.92543,-0.03607523,0.3620938,-0.21163,23.73948,3.128162,351.8217,-0.4080563,0.1730196,-0.07675469,325.388,315.0752,344.6338,-0.06179334,-0.02909951,0.2856481,0.2706714,0.3722149,0.367146,-0.2093197,-0.6797909,-0.047167,354.2238,326.9889,227.3894,-0.0006321679,0.0001880212,0.0007741249,-0.0005609965,-2.762661E-05,-0.001069885

ShortAudioTest,11.93656,-0.04286015,0.3587736,-0.2048598,23.35391,4.556341,351.9575,-0.4082625,0.1727549,-0.07288289,325.6449,315.594,343.3441,-0.05215268,-0.03398992,0.3023923,0.6313096,0.1365404,-0.02522538,-0.2092088,-0.6797422,-0.04729989,354.2121,326.9939,227.3908,0.0008685171,0.0003521807,-0.0002607703,-0.002030845,0.003673497,-0.0009050813

ShortAudioTest,11.94713,-0.04971254,0.354833,-0.1979748,22.95061,6.289205,352.3467,-0.4084345,0.1721392,-0.06963274,325.7774,316.186,341.4207,-0.04390695,-0.04564572,0.3271591,1.075287,-0.1347891,-0.5250184,-0.2092346,-0.6797417,-0.04731631,354.2166,326.9808,227.3912,4.155227E-05,0.0002336365,-0.0006164639,0.0004022984,-0.002801595,0.000889754

ShortAudioTest,11.95845,-0.05606961,0.3503804,-0.1908833,22.56606,8.111742,352.8706,-0.4086677,0.1713194,-0.06466314,326.0194,316.9595,339.4593,-0.03552496,-0.05395468,0.3503595,1.348852,-0.2626767,-0.8524333,-0.2092158,-0.6797341,-0.04731929,354.2131,326.9856,227.3862,0.000525521,0.000363477,-0.0005259524,-2.785348E-05,-8.146818E-05,-0.001991906

ShortAudioTest,11.96973,-0.0631187,0.3460525,-0.184191,22.26134,10.14995,353.6327,-0.4087894,0.1712811,-0.06053284,326.3344,317.6827,338.0256,-0.03008478,-0.05168825,0.3561014,1.44296,-0.2331707,-0.9231951,-0.2090628,-0.6798049,-0.04718333,354.2173,326.9886,227.3796,0.0008800021,0.0004991979,0.000208233,3.171834E-05,0.0008014085,-0.0007776832

ShortAudioTest,11.98082,-0.07004189,0.3414352,-0.1777835,21.98322,12.24429,354.4435,-0.4091355,0.1708049,-0.05625767,326.7054,318.5401,337.3915,-0.02924727,-0.05065918,0.3585883,1.288503,0.06043732,-0.7220538,-0.2090496,-0.6797975,-0.04718864,354.2192,326.9795,227.3849,0.00091041,0.0004886325,-5.810886E-05,-2.066612E-05,-0.004246579,0.001947389

ShortAudioTest,11.99227,-0.07652986,0.3360788,-0.1716468,21.55836,14.28182,355.1899,-0.4097887,0.1705606,-0.05232254,326.9808,318.9994,338.2527,-0.03742549,-0.04363369,0.3432614,0.7750421,0.4496073,-0.2024031,-0.2090281,-0.6797932,-0.04717693,354.2197,326.9866,227.3807,0.001122799,0.0004126003,0.0002385228,0.001434326,-0.0005249582,0.0001238978

ShortAudioTest,12.00293,-0.08420527,0.3310126,-0.1660234,20.72853,16.0539,355.7518,-0.4105507,0.1706897,-0.049465,327.2357,319.1015,339.5337,-0.0466268,-0.03778515,0.3157299,0.3069611,0.6926012,0.3066396,-0.2090193,-0.67984,-0.04724121,354.218,326.9886,227.3845,0.001009279,0.0001675735,-0.000314638,0.001319677,0.0009698981,-2.166215E-05

ShortAudioTest,12.01416,-0.09118843,0.3248017,-0.1606466,19.35965,17.60781,356.1487,-0.4114443,0.1699455,-0.04626215,327.671,319.1867,340.2382,-0.05603921,-0.0458874,0.3019513,0.1673517,0.7057785,0.559748,-0.2090027,-0.6798269,-0.04723722,354.2122,326.9911,227.3898,0.001129724,0.0004727455,-0.0001132685,-0.002458353,0.002228278,0.0001548065

ShortAudioTest,12.02598,-0.0976429,0.3178036,-0.1552057,17.71721,19.19271,356.5562,-0.4119877,0.1689228,-0.04310915,328.2055,319.4493,339.9441,-0.05925159,-0.06672889,0.3134349,0.3895886,0.594816,0.5276778,-0.2090024,-0.6798288,-0.04724699,354.2152,326.9859,227.3835,0.0009450783,0.0003308317,-0.0003419035,0.0006772557,-0.0007451658,-0.001544873

ShortAudioTest,12.03651,-0.1056939,0.3113238,-0.1504889,15.86375,20.72233,357.1153,-0.4127632,0.1672831,-0.03894234,328.912,320.017,339.3143,-0.05720381,-0.08872297,0.3267755,0.6878273,0.5065758,0.3827469,-0.2092248,-0.6798042,-0.04723871,354.2204,326.9899,227.393,-0.0001756998,-9.019179E-05,0.0001987591,-8.268182E-05,0.002295829,-0.0009115781

ShortAudioTest,12.04815,-0.1124328,0.3044125,-0.1455825,14.39678,22.20213,357.7807,-0.413002,0.1648241,-0.03420502,329.9227,320.9612,337.8136,-0.0461227,-0.1250505,0.3511006,1.212781,0.4282473,0.108697,-0.2092359,-0.6798207,-0.04723167,354.2197,326.986,227.395,-0.0004100145,-0.0004834882,0.0003597435,-0.001105581,1.875489E-05,-0.0001514717

ShortAudioTest,12.05959,-0.118445,0.296832,-0.1411763,13.07183,23.65502,358.6002,-0.4131722,0.1621318,-0.02881452,330.9994,322.0299,336.4389,-0.03434121,-0.1576504,0.3772191,1.576392,0.4588031,-0.05934039,-0.2092372,-0.6798393,-0.04722506,354.2224,326.9865,227.3949,-0.0003067398,-0.0008225678,0.0004217932,0.0001874936,0.0001880689,0.0006028538

ShortAudioTest,12.07116,-0.1252137,0.2899634,-0.1371396,11.7529,24.98533,359.4448,-0.4133782,0.159321,-0.02416235,331.9985,322.8605,335.9521,-0.03046522,-0.1827663,0.3838603,1.586705,0.5959303,0.07579713,-0.2090391,-0.6798984,-0.04709417,354.2214,326.9858,227.3845,0.000515472,-0.0002350592,0.001060748,0.0001436172,-0.0006937206,-0.0006246329

ShortAudioTest,12.08164,-0.1315215,0.2826105,-0.1329186,10.297,26.17477,0.2840996,-0.4137338,0.1565242,-0.01970035,333.0333,323.6274,335.8845,-0.03087294,-0.1995082,0.3838209,1.503189,0.7500566,0.2982418,-0.2090328,-0.6798931,-0.04708102,354.2157,326.9838,227.3847,0.0004753564,-7.482516E-05,0.001052449,-0.001741226,-0.001695031,-0.001682496

ShortAudioTest,12.09274,-0.1372573,0.2747152,-0.1291838,8.678872,27.24821,1.198045,-0.4141891,0.1532339,-0.01453695,334.3788,324.4688,336.1925,-0.03496622,-0.225193,0.3891041,1.445702,0.9562644,0.6451009,-0.2091906,-0.6798366,-0.04716307,354.2229,326.9883,227.3958,5.119602E-05,-0.000919991,0.0006007068,0.0002406198,0.001072786,0.001821713

ShortAudioTest,12.10346,-0.1441121,0.2677023,-0.1252587,6.985109,28.19,1.927028,-0.4149103,0.1508232,-0.01158804,335.4149,324.9744,336.9815,-0.04607689,-0.2454895,0.3856935,1.334229,1.162996,1.068526,-0.2092007,-0.6798316,-0.04716086,354.2173,326.9842,227.3901,-0.000187304,-0.0005960582,0.0005524686,-0.0006123828,-0.0009127538,-0.002288315

ShortAudioTest,12.11427,-0.1497985,0.2600054,-0.1211022,5.244101,28.95608,2.610896,-0.4161652,0.1476884,-0.007836699,336.4974,325.3696,338.6294,-0.06692719,-0.253567,0.3639045,0.9155504,1.319129,1.611836,-0.2091926,-0.6798292,-0.04714656,354.2144,326.9863,227.3905,0.0001234303,-0.000243859,0.000761583,-0.002015235,0.0004132566,-0.003190019

ShortAudioTest,12.12546,-0.1550711,0.2522714,-0.1171737,3.837016,29.74068,3.327739,-0.4179865,0.144762,-0.004207909,337.4698,325.5348,340.635,-0.09399251,-0.2543267,0.3326229,0.470845,1.350319,2.086962,-0.2092973,-0.6797961,-0.04727098,354.2117,326.9841,227.4001,-0.0003095536,-0.0009239748,-0.0002128545,-0.001701149,-0.0008119773,-0.0004522768

ShortAudioTest,12.13652,-0.1613845,0.2456921,-0.1134038,2.781137,30.54759,4.109523,-0.419525,0.141569,-0.001031309,338.4058,325.6989,342.3533,-0.1090888,-0.258078,0.3109363,0.2513951,1.313449,2.298556,-0.2092986,-0.6798061,-0.04727322,354.2131,326.9847,227.4043,-0.0002270892,-0.000827393,-0.0001974008,-0.002191783,0.0001217105,0.001683535

ShortAudioTest,12.14757,-0.1663649,0.2385243,-0.1094785,1.859873,31.20546,4.921824,-0.421667,0.138262,0.00150162,339.2446,325.5581,344.0419,-0.1307485,-0.2650888,0.2820915,0.07817344,1.137911,2.404804,-0.2093005,-0.6798102,-0.04727215,354.2109,326.9873,227.3978,-0.0002631688,-0.0006133908,-0.0001467795,-0.001269887,0.0006326432,-0.001516072

ShortAudioTest,12.159,-0.1709083,0.2312893,-0.1057833,1.145297,31.66956,5.723035,-0.4237368,0.1349049,0.004436821,340.1613,325.4586,344.9373,-0.1467483,-0.2750836,0.2670715,0.1617241,0.8659135,2.22206,-0.2090697,-0.6798798,-0.04716823,354.2189,326.9865,227.3897,0.001310156,-0.000743047,0.0004104864,0.001483478,0.0003579687,0.001350593

ShortAudioTest,12.17448,-0.1805398,0.2173897,-0.09826051,359.7232,32.56322,7.311286,-0.4267038,0.1301478,0.008319318,341.4942,325.4852,344.5046,-0.1537846,-0.2947664,0.2633017,0.6701286,0.4590285,1.544001,-0.2090611,-0.6798731,-0.04717577,354.2173,326.9817,227.3932,0.0009987864,-0.0004275097,6.346545E-05,0.0004602766,-0.001918882,0.002110829

ShortAudioTest,12.18788,-0.1892954,0.2033759,-0.09100918,358.7439,33.21727,9.13799,-0.4283837,0.126286,0.01186785,342.6144,325.5872,343.4141,-0.1489759,-0.3053494,0.2701257,1.139734,0.1933907,0.9768568,-0.2090315,-0.6798745,-0.04718536,354.2141,326.9809,227.3872,0.00142039,-0.0003939112,-0.0002259809,0.0007905737,-0.002240097,-0.001392178

ShortAudioTest,12.20162,-0.1962175,0.1910403,-0.08546488,359.7453,32.70699,11.2375,-0.4304873,0.122089,0.01580569,343.8878,325.6542,342.7256,-0.147596,-0.299385,0.2666256,1.324437,0.04468382,0.6613311,-0.2090157,-0.6798638,-0.04720944,354.2123,326.98,227.3911,0.001553311,-0.0003520326,-0.0003770317,-0.0009936957,-0.001476628,-1.016551E-05

ShortAudioTest,12.22179,-0.2020031,0.178664,-0.07966389,1.047728,32.12027,13.38756,-0.4341463,0.11841,0.01970172,344.8659,325.4013,343.7588,-0.1618442,-0.254793,0.2255083,0.8154452,0.04231729,0.9151835,-0.2089856,-0.679866,-0.04720765,354.2126,326.9817,227.3962,0.001543316,-0.0001940354,-0.0001518766,-0.002185681,0.0001200022,0.001674747

ShortAudioTest,12.24427,-0.2071276,0.1675299,-0.07364418,2.713924,32.0874,15.146,-0.4369737,0.1160749,0.02172595,345.1759,325.2103,345.0999,-0.1496492,-0.2053059,0.1704314,0.2396779,0.09309945,0.9877575,-0.2088913,-0.679938,-0.04715607,354.2151,326.9794,227.3869,0.002030265,-0.0004478306,0.0002489357,9.196011E-05,-0.001577464,-0.001842573

ShortAudioTest,12.26636,-0.2113732,0.1575086,-0.06771968,3.808908,32.29344,16.31769,-0.4385895,0.1131581,0.0255298,345.48,325.5465,345.0569,-0.1038168,-0.1650583,0.1560659,0.2081981,0.1739695,0.5051795,-0.2091507,-0.6798872,-0.04725441,354.2162,326.9814,227.4004,0.0005078064,-0.0006337805,-0.0002564891,-0.001156002,-0.0008624744,-0.0013653

ShortAudioTest,12.28868,-0.2148827,0.1475739,-0.06203423,4.204339,32.58466,17.27503,-0.4392297,0.1103988,0.02981269,346.0481,326.4257,344.9225,-0.05235114,-0.1463565,0.1610245,0.3036088,0.4361716,0.299607,-0.2091266,-0.6799184,-0.04726413,354.2205,326.9811,227.4039,0.0008127319,-0.001069644,-0.0003598925,0.0003477023,-0.0004222748,0.00197587

ShortAudioTest,12.31082,-0.2173142,0.1395956,-0.05706693,4.486192,32.94911,18.52517,-0.438895,0.1080676,0.03308415,346.4083,327.4546,345.1406,-0.01168174,-0.1299085,0.151871,0.2225659,0.6394317,0.273898,-0.2090888,-0.6798986,-0.04720029,354.218,326.9838,227.3981,0.001161518,-0.0007033653,6.547334E-05,-0.0005101063,0.0008530603,0.0001555112

ShortAudioTest,12.33418,-0.2192773,0.1332554,-0.05258666,4.336158,33.09048,19.36413,-0.4372941,0.1060786,0.03679138,346.6417,328.6335,344.6193,0.03622775,-0.1179232,0.1577127,0.3111059,0.7838541,-0.001072458,-0.2090635,-0.6799473,-0.04716915,354.2233,326.9806,227.3974,0.0011297,-0.0007240549,5.053095E-05,0.001594359,-0.001134092,0.00150962

ShortAudioTest,12.35618,-0.2213008,0.1282922,-0.04760732,3.609002,33.72329,19.50956,-0.4350573,0.1039991,0.04083222,346.5995,330.142,343.8718,0.07241153,-0.1032264,0.1583521,0.2807855,0.9053933,-0.2948818,-0.2090472,-0.6799639,-0.0471648,354.2231,326.9802,227.3903,0.0007627016,-0.0007932759,8.774115E-05,0.002626232,-0.00211814,-0.001542582

ShortAudioTest,12.37824,-0.2232155,0.1234323,-0.04259218,2.052413,34.13731,19.52921,-0.4331359,0.1019301,0.04446417,346.5116,331.6952,342.8405,0.08463924,-0.09747352,0.1594226,0.2944141,0.9485989,-0.5134774,-0.2089413,-0.6800088,-0.04715943,354.2247,326.9813,227.3895,0.001433972,-0.0006209239,8.672325E-05,0.002085265,-0.002065845,-0.0006287636

ShortAudioTest,12.40115,-0.2251376,0.1192992,-0.03705896,0.4199336,34.12372,19.24778,-0.4310336,0.09923041,0.04905146,346.5519,333.3851,341.8043,0.09030487,-0.1057817,0.1712281,0.3320005,1.012119,-0.5830366,-0.2090908,-0.6800309,-0.04706782,354.2314,326.9859,227.3962,5.213329E-05,-0.001021228,0.001099351,0.002729605,-0.0003479402,0.0009010705

ShortAudioTest,12.42288,-0.2273803,0.1150806,-0.03126623,358.778,34.02855,18.84064,-0.4295585,0.09616745,0.05283546,346.9922,334.7872,341.3135,0.08452494,-0.1305188,0.1786968,0.4321838,1.080417,-0.40341,-0.2090828,-0.6800371,-0.04703942,354.2263,326.9845,227.3968,0.0002248725,-0.0008144582,0.001310344,0.0001434869,-0.0006867615,-0.0006075686

ShortAudioTest,12.44558,-0.2292953,0.1108602,-0.02652116,358.66,33.66033,19.86839,-0.4285375,0.0922612,0.05699605,347.9117,336.1227,341.4639,0.06509204,-0.1537706,0.1797995,0.5073315,1.048817,0.03063866,-0.2089745,-0.6799687,-0.04725945,354.2224,326.9861,227.3974,0.001549132,-0.0007502213,-0.0005848988,0.001908768,0.001807434,0.0002975883

ShortAudioTest,12.46764,-0.2328935,0.1071993,-0.02362691,0.01906391,33.73571,21.35865,-0.4290355,0.08768106,0.06100255,349.4549,336.7133,343.2241,0.02545663,-0.1719548,0.1701098,0.5052033,0.8679539,0.854911,-0.2088445,-0.6800488,-0.04707772,354.2208,326.9879,227.392,0.001955844,-0.000493301,0.0006308793,-0.0005595547,-2.368998E-05,-0.001065211

ShortAudioTest,12.48993,-0.2364404,0.1034045,-0.02110817,0.6689097,34.02541,21.83906,-0.4295447,0.08467472,0.06364268,350.5348,336.9695,345.1073,0.000813279,-0.1643641,0.1527218,0.373943,0.7012765,1.355257,-0.2088097,-0.6800274,-0.04706475,354.2132,326.9883,227.3862,0.001810247,0.0003001812,0.0006228905,-0.001522562,-0.0005139194,-0.005322539

ShortAudioTest,12.51239,-0.2396889,0.09852874,-0.01875608,0.1476932,33.51986,21.54163,-0.4340607,0.0869714,0.06837863,348.7104,337.5089,345.4851,-0.08764755,-0.02101562,0.1785524,-0.4355155,0.5756729,0.4293311,-0.2089789,-0.6800774,-0.04718965,354.227,326.9867,227.4065,0.0003572849,-0.0009145014,-0.0002643123,0.000557248,-0.0001437908,0.004566215

ShortAudioTest,12.53481,-0.2427934,0.09383321,-0.01712365,359.6343,32.76756,21.64766,-0.4350108,0.08507133,0.07326329,349.1284,337.9161,343.9313,-0.07682504,-0.05301804,0.1832876,0.1045954,0.3308422,-0.3081372,-0.2089138,-0.6800452,-0.04724902,354.215,326.984,227.4019,0.0006802968,0.000435412,-0.0008733505,-0.001000591,-0.001467721,3.65971E-06

ShortAudioTest,12.55682,-0.2460699,0.08915913,-0.01431973,358.0549,32.84537,21.66065,-0.4356303,0.08155465,0.07912695,349.1554,338.6691,342.2466,-0.05464529,-0.08821515,0.2006267,0.3017457,0.317714,-0.7358648,-0.2088964,-0.6800514,-0.04725477,354.2147,326.9866,227.4024,0.0007128048,0.0003287933,-0.000623679,-0.001110516,2.754767E-05,-0.0001438923

ShortAudioTest,12.57885,-0.2495511,0.08772564,-0.01186524,358.6263,32.72418,21.11504,-0.4305807,0.08190763,0.07827324,348.6542,339.5627,341.234,-0.001638192,-0.07500219,0.1601456,0.2064178,0.4517391,-0.7809407,-0.2090819,-0.6800531,-0.04714718,354.2196,326.9905,227.407,-0.0006603184,0.0002615885,0.0001943005,-0.003639121,0.0005746825,-0.0004242873

ShortAudioTest,12.6016,-0.252731,0.09094572,-0.008024528,357.4126,31.70837,15.41749,-0.4299943,0.07896292,0.07827753,348.0667,340.4719,340.1819,0.01361083,-0.08481714,0.1196971,0.06006302,0.4872991,-0.8230339,-0.2090096,-0.6800474,-0.04728657,354.2198,326.9885,227.4074,0.0003479578,0.000158248,-0.001207368,-0.0005190374,0.0008606642,0.0001660277

ShortAudioTest,12.62415,-0.2540982,0.09133112,-0.008341088,359.4373,30.64219,17.26104,-0.4239107,0.07982039,0.07962948,347.3599,341.453,338.455,0.05463834,-0.07878742,0.098855,0.006064614,0.4649574,-1.056871,-0.2090085,-0.680051,-0.04730701,354.2179,326.9921,227.4075,0.000138763,-0.0001186958,-0.0009789293,-0.0006291185,0.002355939,1.84298E-05

ShortAudioTest,12.64647,-0.2564534,0.08980024,-0.005984171,1.255628,29.92884,17.7393,-0.4196806,0.08162582,0.07879215,346.6579,341.6188,340.7822,0.07885136,-0.03444381,0.07220879,-0.4803749,0.5204693,0.2040955,-0.2088994,-0.6799804,-0.04727539,354.2155,326.9903,227.4004,0.0008482457,0.001331169,-0.000473804,2.311927E-05,0.0008099935,-0.0007549063

ShortAudioTest,12.66858,-0.2582419,0.08920002,-0.003455116,0.6866255,28.45377,16.37538,-0.4174442,0.08095717,0.07801074,345.7905,341.8994,342.5263,0.07855477,-0.03094868,0.03052538,-0.8028991,0.4991296,0.5779043,-0.2090518,-0.6800581,-0.04703772,354.2229,326.9922,227.4069,-0.001311458,0.0005111999,0.001821107,-0.003363433,-0.001530071,0.001091673

ShortAudioTest,12.69105,-0.2592456,0.08793604,-0.002353265,359.416,27.538,15.75459,-0.4150698,0.08100331,0.07799333,345.5721,342.0345,343.3149,0.09829234,0.009048084,0.009528149,-0.5475177,0.3590578,0.6793625,-0.2090755,-0.6800638,-0.04697189,354.2265,326.9911,227.3967,-0.001220179,0.0003098556,0.002352094,0.0006346622,-0.001612704,-0.002735923

ShortAudioTest,12.71316,-0.2605366,0.08401799,-0.0005282899,357.1495,25.72133,14.54032,-0.4123485,0.08278453,0.07541382,345.7885,341.583,342.469,0.1111767,0.05725329,-0.04482203,-0.1710841,-0.0495238,0.2130046,-0.2092077,-0.6798681,-0.04725054,354.2202,326.993,227.4098,-0.001077511,0.001947593,-0.0004287478,-0.001219318,0.00152727,-0.0002772598

ShortAudioTest,12.72411,-0.2611496,0.08150971,0.0008962015,355.9359,24.54866,13.83583,-0.4105475,0.08294713,0.07471466,345.9596,341.9586,341.6898,0.1374606,0.0467208,-0.05646258,0.06335558,0.05263129,-0.1626978,-0.2092259,-0.6798464,-0.04724982,354.218,326.9921,227.4091,-0.001366969,0.002157339,-0.0003238544,-0.00181076,0.0006948089,-0.0005805606

ShortAudioTest,12.73572,-0.2611262,0.08044899,0.001362071,355.8577,23.10896,12.59035,-0.4092696,0.08416665,0.07460731,345.9487,342.093,342.2527,0.1301552,0.05367696,-0.05432848,-0.01117836,0.1496928,0.09316123,-0.2093021,-0.679891,-0.04722279,354.2249,326.9879,227.4009,-0.001994142,0.001066663,-0.0003300003,0.003160778,-0.002157409,-0.002441023

ShortAudioTest,12.74724,-0.2613139,0.08013046,0.001810477,356.6788,21.49707,11.63348,-0.4098368,0.0855695,0.07331204,345.9629,342.1521,342.0893,0.1215341,0.07675941,-0.06760944,-0.00468624,0.1164125,-0.01388757,-0.2093283,-0.6798652,-0.04722273,354.2236,326.989,227.4046,-0.00212817,0.001310231,-0.0002264098,0.001377073,-0.001393551,-0.001059283

ShortAudioTest,12.75778,-0.261253,0.08041632,0.002771304,358.002,19.73617,10.90999,-0.4091351,0.08505678,0.07285374,346.0077,342.0775,342.1333,0.1079909,0.05589724,-0.06491884,0.004313505,0.05151869,-0.007578024,-0.2093626,-0.6798459,-0.0472281,354.2267,326.986,227.4037,-0.002388667,0.001306247,-0.0002741407,0.002780348,-0.00271915,-0.0001575895

ShortAudioTest,12.76903,-0.260752,0.0806396,0.003470884,358.6081,17.93872,10.08141,-0.4132429,0.08458972,0.07459509,346.274,341.8281,342.5139,0.06146091,0.05114095,-0.04830785,-0.0098696,0.001063667,0.05931127,-0.2091868,-0.6798815,-0.04714495,354.222,326.9903,227.3993,-0.0008260724,0.001899079,0.0002247229,0.0001381341,-0.000679846,-0.000599866

ShortAudioTest,12.78007,-0.2602881,0.08149135,0.004597113,358.7322,16.09629,9.518508,-0.4126506,0.08528614,0.07391828,346.2652,341.7786,342.6945,0.05841613,0.05353745,-0.05089644,-0.03205143,-0.002105073,0.1106179,-0.2091924,-0.6798633,-0.04714763,354.224,326.9899,227.3949,-0.000807667,0.001825667,4.34812E-05,0.001921742,-0.00144378,-0.001981686

ShortAudioTest,12.79119,-0.2595066,0.08062875,0.005779014,357.9684,14.37609,9.929371,-0.4122412,0.08546686,0.07310486,346.2437,341.684,343.1842,0.05210474,0.04692309,-0.05606697,-0.08825723,0.003904055,0.2697402,-0.2092056,-0.6798254,-0.04714316,354.2154,326.9896,227.3988,-0.0009102024,0.00221575,0.0001375375,-0.002448151,-0.001018822,-0.002108224

ShortAudioTest,12.80283,-0.2590675,0.08060479,0.006434963,357.469,13.20988,10.32095,-0.417153,0.08461976,0.07515162,346.4929,341.5142,343.6909,0.008704971,0.03165722,-0.03434799,-0.1014258,-0.007396956,0.3237279,-0.2091297,-0.6798373,-0.04708448,354.2172,326.988,227.3969,-0.000725272,0.002356733,0.0006499639,-0.002285153,-0.001632198,-0.0007440944

ShortAudioTest,12.81381,-0.2589883,0.08052754,0.007380531,357.5002,12.39596,10.60287,-0.4172251,0.08476329,0.07472986,346.4866,341.4319,344.0608,0.004901022,0.02918752,-0.03791036,-0.1328186,-0.004883857,0.4110574,-0.2091215,-0.6798521,-0.04706341,354.2224,326.9915,227.3941,-0.0003511792,0.001430613,0.001094706,0.0007322496,0.0001513179,-0.0002993603

ShortAudioTest,12.82483,-0.2585562,0.0807066,0.008257733,357.8046,11.62142,10.59315,-0.4172274,0.085163,0.07415479,346.4747,341.3249,344.5254,0.003327619,0.03004833,-0.04103809,-0.1597447,-0.002747279,0.4754287,-0.2091471,-0.6798192,-0.04706022,354.2229,326.9857,227.3957,-0.0009850755,0.001771993,0.0008572714,0.0009520919,-0.002839262,-4.562582E-06

ShortAudioTest,12.83608,-0.2581259,0.08075213,0.009355054,358.0921,10.71772,10.33581,-0.4208293,0.085217,0.07494879,346.6066,341.1681,345.0152,-0.02028528,0.02617523,-0.03309779,-0.1767302,-0.007404571,0.491019,-0.2092007,-0.6797243,-0.04729867,354.2097,326.9834,227.4003,-0.0008300731,0.002059716,-0.0008100437,7.67466E-05,-0.001567959,-0.001821416

ShortAudioTest,12.84706,-0.2575289,0.08017421,0.01070945,358.0615,9.684846,9.786386,-0.4208672,0.0853554,0.07483512,346.6198,341.1342,345.1432,-0.01437168,0.0219675,-0.02738093,-0.1367311,-0.007336559,0.3963555,-0.2091849,-0.6797098,-0.04728734,354.206,326.992,227.4065,-0.000190546,0.001915828,-0.0002920152,-0.003169408,0.002900476,-0.0002701218

ShortAudioTest,12.85823,-0.256936,0.07939827,0.01218902,357.9622,8.484346,9.109265,-0.42064,0.08561242,0.07462847,346.6139,341.1581,345.064,-0.004000913,0.0219128,-0.02443626,-0.08679036,-0.002722027,0.2427918,-0.2091869,-0.6797117,-0.04728699,354.211,326.9908,227.4038,-8.573394E-05,0.001396562,-0.0001523269,-0.0006337225,0.002356472,1.88971E-05

ShortAudioTest,12.86957,-0.2564964,0.07861996,0.0134822,357.8446,7.214293,8.031469,-0.4228166,0.08539546,0.07571554,346.7188,341.1208,345.0969,-0.01506207,0.01332909,-0.01085376,-0.0570384,-0.002776437,0.158873,-0.2090472,-0.6797758,-0.04712573,354.2128,326.9925,227.3887,0.0002625692,0.001908582,0.000868944,0.0004064141,0.001374536,-0.003038053

ShortAudioTest,12.88109,-0.2563192,0.07720208,0.01452892,357.6412,6.11671,6.789553,-0.422706,0.08554769,0.07557541,346.7262,341.1646,344.9559,-0.008356686,0.01173804,-0.009906786,-0.0178018,0.00108548,0.06288224,-0.2090418,-0.6797572,-0.04712409,354.2114,326.9868,227.3922,0.0003513403,0.00185942,0.0006511536,-0.001157595,-0.0008517265,-0.001361402

ShortAudioTest,12.89238,-0.2565563,0.07557535,0.01539068,357.384,5.42487,5.079163,-0.422568,0.085747,0.07544458,346.7172,341.1928,344.8436,-0.002874742,0.01474227,-0.01150812,-0.002227598,0.002044238,0.002230829,-0.2090839,-0.6798404,-0.04708028,354.2163,326.998,227.3978,-0.0001416305,0.001306222,0.0009660182,-0.001324822,0.003024728,-0.0004305235

ShortAudioTest,12.9037,-0.2566527,0.07381201,0.01604138,356.9826,4.630843,3.224437,-0.4234176,0.08547795,0.0760107,346.7577,341.1729,344.8369,-0.00835125,0.007689342,-0.005103151,0.007124776,0.0003365702,-0.02457099,-0.20909,-0.679829,-0.04706985,354.2175,326.9944,227.3995,-0.0001830304,0.001206642,0.0009679552,-0.001054378,0.0009171282,0.00108406

ShortAudioTest,12.91513,-0.2562777,0.07129645,0.01630352,356.3941,3.705586,1.049644,-0.4234674,0.08557868,0.07591075,346.7536,341.1861,344.7995,-0.006887413,0.008344073,-0.006435014,0.008513556,0.002374003,-0.03525823,-0.2090998,-0.6798028,-0.04704979,354.2151,326.9954,227.4005,-0.0004553842,0.00162382,0.001176837,-0.002347548,0.0007476771,0.0003299662

ShortAudioTest,12.92721,-0.2558311,0.06837666,0.01599513,355.211,2.950636,358.4412,-0.4235463,0.08554149,0.07587129,346.7667,341.1906,344.7649,-0.006676842,0.00506298,-0.005628732,0.01583515,0.0004996819,-0.03699984,-0.2091424,-0.6797439,-0.047259,354.2058,326.9857,227.4079,-0.0005176255,0.001342963,-0.0005537942,-0.001549401,-0.001415153,0.0009286144

ShortAudioTest,12.93819,-0.2552024,0.06548738,0.01571207,353.8795,2.314216,355.6355,-0.4235672,0.08530271,0.07612926,346.7657,341.1891,344.7522,-0.007411993,0.003674065,-0.003679499,0.01176525,0.003156215,-0.03097722,-0.2091423,-0.6797432,-0.04726249,354.2072,326.9871,227.4046,-0.0003735822,0.0009661307,-0.0004707846,0.0001243336,-0.000684366,-0.0006007269

ShortAudioTest,12.94946,-0.2545228,0.06289732,0.01539175,352.281,1.847785,352.494,-0.4237143,0.08530259,0.07601017,346.762,341.1749,344.7912,-0.008938481,0.00303237,-0.005394478,0.001938902,-1.073092E-06,-0.006310753,-0.2091419,-0.6797303,-0.04727641,354.2054,326.9885,227.4088,-0.0002739769,0.001020583,-0.0007104035,-0.001659306,8.008524E-05,0.0007807772

ShortAudioTest,12.96145,-0.2536876,0.06398463,0.01507597,349.0643,1.742425,349.6049,-0.4239969,0.08528304,0.07590085,346.7618,341.1349,344.9512,-0.01376177,0.001461014,-0.006559287,-0.02143952,-0.002075354,0.06384216,-0.2090626,-0.6797858,-0.04721171,354.2074,326.9916,227.3986,0.0004951159,0.0008148783,-0.0001638122,0.0005082179,-0.0001203355,-0.002884725

ShortAudioTest,12.97277,-0.2526256,0.06403494,0.01537971,345.9584,1.008509,350.2343,-0.423944,0.08510637,0.07618862,346.7532,341.1037,345.0527,-0.01504139,0.002748335,-0.00526762,-0.03499381,-0.001587392,0.09432562,-0.2092112,-0.6797832,-0.04721126,354.2099,326.9883,227.4078,-0.0008097501,0.0006699528,-7.312616E-05,-0.001705753,-0.0008011038,-0.0004330021

ShortAudioTest,12.98514,-0.2501386,0.07339656,0.01294427,355.3375,358.218,354.7953,-0.424173,0.08462501,0.07609409,346.7546,341.0944,345.2205,-0.01646628,-0.0119818,-0.005803081,-0.04709431,0.01149454,0.1330465,-0.2092084,-0.6797997,-0.04719564,354.2127,326.9938,227.4055,-0.0005060286,-4.547729E-05,0.0003711293,0.0006099266,0.001645554,-0.0004396629

ShortAudioTest,12.9955,-0.2499259,0.0704633,0.01236127,353.5636,357.5529,357.045,-0.4246898,0.08422625,0.07602447,346.721,341.0238,345.4945,-0.02403139,-0.02036938,-0.006770063,-0.08889303,0.006827496,0.1969213,-0.2090883,-0.6798173,-0.04720697,354.2033,326.9929,227.4006,0.0002322256,0.0005428483,4.00876E-05,-0.001436001,0.001254308,-0.002869089

ShortAudioTest,13.00705,-0.2492529,0.06579161,0.01253162,351.6257,357.0411,358.244,-0.4243401,0.08429563,0.07588249,346.5538,340.9806,345.7726,-0.0153001,-0.008659006,-0.0139818,-0.1926813,0.02086494,0.2419727,-0.20909,-0.679814,-0.04721692,354.212,326.9902,227.4084,0.0001839636,0.0005069624,-0.0002349177,0.0003891491,0.0004710323,0.003206274

ShortAudioTest,13.01861,-0.2482376,0.06475139,0.01222091,351.8192,356.1095,359.6908,-0.4249207,0.08283496,0.07618874,346.7571,340.861,346.0159,-0.02548144,-0.03876626,-0.001734347,-0.09975147,-0.01165043,0.2948593,-0.2090842,-0.6797961,-0.04720992,354.2009,326.995,227.4038,0.0002087001,0.0009244584,-1.900114E-05,-0.003219566,0.002018801,-0.001487478

ShortAudioTest,13.02971,-0.2484614,0.06409812,0.01155685,351.1038,355.4044,0.6445513,-0.4250478,0.08224547,0.07582307,346.7357,340.7883,346.2977,-0.021904,-0.04117467,-0.01006983,-0.1149818,-0.01609019,0.3146819,-0.2092441,-0.6797324,-0.04732177,354.201,326.9908,227.4067,-0.0005468705,0.0008368945,-0.001247987,-0.002031496,0.0004215641,-0.003164869

ShortAudioTest,13.04149,-0.2483684,0.06351185,0.01135986,350.8944,355.0568,0.7643152,-0.4241732,0.08224607,0.07505429,346.7382,340.7277,346.6091,-0.01049123,-0.03393789,-0.02209168,-0.114964,-0.01129115,0.3669811,-0.2092885,-0.6797379,-0.04733261,354.2057,326.9841,227.4108,-0.001457695,0.000543707,-0.001134218,-0.001600384,-0.002297535,-0.0002824521

ShortAudioTest,13.05248,-0.2482862,0.06397986,0.01074319,350.9639,354.7824,0.2163703,-0.4244586,0.08162856,0.0751434,346.7487,340.6767,346.8503,-0.01326302,-0.03939653,-0.01894908,-0.1313065,-0.007649085,0.3920244,-0.2092835,-0.6797365,-0.04732636,354.2102,326.9908,227.4046,-0.0009803707,0.0004245603,-0.0006591911,0.001687393,0.001542833,-0.00226961

ShortAudioTest,13.06353,-0.2483561,0.0646261,0.01094644,351.3171,355.2651,359.1324,-0.4250591,0.08204138,0.07568151,346.791,340.5972,347.1853,-0.01784298,-0.03053565,-0.009331322,-0.1364532,-0.002374451,0.4166726,-0.2092222,-0.6797179,-0.04741684,354.2036,326.9909,227.4051,-0.0003896788,-7.347832E-05,-0.0007933124,0.001731558,0.002422551,-0.001054973

ShortAudioTest,13.07487,-0.2483685,0.06534767,0.01155023,352.0979,355.8414,358.3652,-0.423894,0.08158851,0.07503271,346.7651,340.5284,347.4726,-0.005985364,-0.0304859,-0.01898051,-0.1397319,-0.006206981,0.4250156,-0.20925,-0.6796993,-0.04743275,354.2051,326.9849,227.408,-0.0009878783,0.0004040049,-0.0009243524,0.0008691676,-0.0004660862,0.001073537

ShortAudioTest,13.08606,-0.2480612,0.06488574,0.01235108,352.0252,356.2061,358.5137,-0.4238658,0.08120453,0.07513613,346.7742,340.4991,347.6151,-0.001885787,-0.03108936,-0.01342187,-0.1147689,-0.0005209378,0.3530693,-0.2092588,-0.6796883,-0.04744065,354.2034,326.986,227.4088,-0.0009483946,0.0005292889,-0.0008658012,0.0001676811,0.0001967018,0.000622425

ShortAudioTest,13.09749,-0.2485728,0.0655396,0.01213603,352.0149,356.5173,358.474,-0.4242091,0.08140039,0.07589358,346.8101,340.4287,347.8448,-0.002589622,-0.0294207,-0.005996127,-0.114765,-0.005993182,0.3441554,-0.2092067,-0.6797127,-0.04718629,354.2185,326.9899,227.4022,-0.0005714379,0.0007343051,0.001314761,0.001475558,0.0003699924,0.001376923

ShortAudioTest,13.10858,-0.248451,0.0652076,0.01221775,351.9596,356.5573,358.4982,-0.4236298,0.0811373,0.07582605,346.805,340.3764,348.0995,0.001733027,-0.02876101,-0.006634755,-0.1160708,-0.002727612,0.3520805,-0.209221,-0.6796945,-0.04717398,354.2166,326.9871,227.403,-0.0008098553,0.0009411969,0.001195078,0.0002924071,-0.001294823,0.0007703537

ShortAudioTest,13.11985,-0.2483938,0.06482625,0.01232694,351.9128,356.5551,358.6269,-0.4236305,0.08090639,0.07579154,346.8114,340.3305,348.301,0.001818037,-0.02921434,-0.006479655,-0.1199853,-0.001018251,0.3654667,-0.2092181,-0.6796695,-0.0471676,354.212,326.9878,227.3954,-0.0004885761,0.001300132,0.0009725268,0.0004619956,-0.001004245,-0.004099839

ShortAudioTest,13.13057,-0.2487025,0.06503713,0.01216053,351.8047,356.6056,358.7712,-0.4239719,0.08103085,0.07617265,346.8316,340.2426,348.6087,-0.0001426553,-0.0272911,-0.002186601,-0.127424,-0.005880367,0.3808488,-0.2094166,-0.6796421,-0.04729977,354.2155,326.989,227.4138,-0.001504499,0.0003538114,0.0002742943,0.0002249266,0.001082838,0.001850208

ShortAudioTest,13.14171,-0.2486047,0.06471443,0.01229601,351.7814,356.6383,358.865,-0.4234843,0.08036327,0.0761534,346.8429,340.1702,348.9404,0.001584413,-0.0291295,-0.004158157,-0.1282964,-0.009395003,0.3899081,-0.2094458,-0.6796302,-0.04729593,354.2124,326.9842,227.4084,-0.001774049,0.0005947802,0.0003055923,7.376089E-05,-0.001566862,-0.001808163

ShortAudioTest,13.15315,-0.2484422,0.06450665,0.01256804,351.7993,356.7085,358.8395,-0.4234909,0.08005548,0.0761258,346.8507,340.0888,349.2724,0.001123525,-0.02894285,-0.003856147,-0.1354104,-0.00985802,0.4099291,-0.2094642,-0.6796411,-0.04729602,354.2196,326.9861,227.4119,-0.001739655,0.000105123,0.0001860555,0.0021692,-0.000293331,0.001835987

ShortAudioTest,13.16415,-0.2484839,0.06494534,0.01251535,351.8344,356.7266,358.7378,-0.4238663,0.08026052,0.07649195,346.8683,340.0179,349.5754,0.0002647611,-0.02794633,9.820474E-05,-0.1390874,-0.004845453,0.4129326,-0.2093637,-0.679633,-0.04712883,354.2168,326.9853,227.4064,-0.001212162,0.001130321,0.00116016,-0.002131489,-0.002244721,0.0006322911

ShortAudioTest,13.17518,-0.2481202,0.06470561,0.01265781,351.8518,356.6489,358.6855,-0.4238147,0.07965314,0.07651752,346.8831,339.9304,349.9169,-0.0001546298,-0.02978063,-0.0005625834,-0.1409457,-0.008762466,0.4241028,-0.2093724,-0.6796304,-0.04710478,354.2224,326.9913,227.4022,-0.001091087,0.0009421999,0.001430169,0.001316724,0.0009838232,1.303514E-05

ShortAudioTest,13.18663,-0.2479264,0.06448615,0.01273428,351.8445,356.6369,358.6848,-0.4238248,0.07928014,0.07649851,346.8835,339.8442,350.2603,-0.000282063,-0.03033609,-0.0009009563,-0.1502731,-0.009960419,0.4377058,-0.209399,-0.6796249,-0.04708695,354.2261,326.9854,227.4035,-0.001438174,0.0007318415,0.001480055,0.002288862,-0.001786567,0.001978614

ShortAudioTest,13.1979,-0.2481354,0.06488144,0.01264303,351.8361,356.6644,358.7177,-0.4243672,0.07964551,0.07691389,346.8544,339.7169,350.6134,-0.002141916,-0.02828156,0.003727227,-0.1504079,-0.008594875,0.4432227,-0.2093627,-0.679581,-0.04711807,354.2226,326.9876,227.4009,-0.0006900716,0.001452665,0.001204584,0.0007746937,0.001032342,0.0009261936

ShortAudioTest,13.20877,-0.2478894,0.06464362,0.01276289,351.8212,356.6477,358.71,-0.4244578,0.07922995,0.07695347,346.8538,339.6628,350.8419,-0.002441157,-0.03045249,0.003349019,-0.1545306,-0.00944018,0.4444066,-0.2093779,-0.6795672,-0.04711005,354.221,326.9818,227.3994,-0.000972425,0.001530157,0.001176146,0.0002427318,-0.002178315,-0.0004493564

ShortAudioTest,13.21983,-0.2476665,0.06445134,0.01267623,351.8271,356.6246,358.6838,-0.4243865,0.07884252,0.07700121,346.8613,339.6053,351.0961,0.0003992387,-0.03145193,0.003576851,-0.1432917,-0.006361558,0.4155973,-0.2093767,-0.6795605,-0.04708961,354.2247,326.9869,227.4004,-0.0006977667,0.001203496,0.001317447,0.001476228,0.0003694407,0.00137709

ShortAudioTest,13.23119,-0.2480178,0.06487429,0.01255213,351.8246,356.6354,358.7018,-0.4248,0.07878315,0.07687616,346.8148,339.5097,351.3569,0.0001599387,-0.0318448,0.003168312,-0.1369236,-0.007765236,0.3901276,-0.2094603,-0.6795677,-0.04722548,354.2196,326.9823,227.4016,-0.001077027,0.0006008357,0.0002600695,0.002499706,-0.0006177815,-0.001671142

ShortAudioTest,13.24232,-0.2478204,0.06465161,0.01268767,351.8157,356.6459,358.7167,-0.4247363,0.07841003,0.0769344,346.8165,339.4457,351.6065,0.00178391,-0.03192146,0.003723984,-0.1332665,-0.008643762,0.3751932,-0.2094729,-0.6795582,-0.04723191,354.2221,326.98,227.4089,-0.001066171,0.0006391731,2.444572E-05,0.00103661,-0.001078025,0.002444709

ShortAudioTest,13.25416,-0.2476647,0.06449473,0.01263486,351.8171,356.6456,358.7257,-0.4248022,0.0781852,0.07692808,346.8248,339.3997,351.8104,0.003934818,-0.0330625,0.004313336,-0.1203759,-0.006348481,0.3448547,-0.2094831,-0.6795458,-0.04722321,354.2203,326.9847,227.4052,-0.001038482,0.0007193592,0.0002305751,0.001307315,0.0009787701,1.363144E-05

ShortAudioTest,13.26458,-0.2479653,0.06493795,0.01248954,351.8014,356.6564,358.7076,-0.4246095,0.07782245,0.0768562,346.7835,339.338,352.0151,0.007189149,-0.03396505,0.003634183,-0.1122603,-0.002926851,0.323161,-0.2092984,-0.6795701,-0.04730657,354.2076,326.9807,227.4033,0.0002027986,0.001048816,-0.0004674711,-0.001123671,2.453377E-05,-0.0001360261

ShortAudioTest,13.27589,-0.2477202,0.06476009,0.01260094,351.8092,356.6418,358.7162,-0.4244928,0.07740867,0.07689238,346.78,339.2823,352.2218,0.008062368,-0.03439406,0.003523133,-0.1119955,-0.005940819,0.3100304,-0.2092942,-0.679552,-0.04731753,354.2064,326.9836,227.403,0.0002605082,0.001172117,-0.0006150217,-0.001233521,0.001519804,-0.0002838311

ShortAudioTest,13.28702,-0.2475432,0.06461596,0.01256351,351.8087,356.6371,358.7127,-0.4270045,0.0805521,0.07568854,346.7618,339.2533,352.3246,0.004262126,-0.02547984,0.00104348,-0.1050433,-0.002999299,0.2856376,-0.2093122,-0.6795422,-0.04733062,354.2094,326.9754,227.4057,-0.0003283744,0.001191129,-0.0008726322,-0.0001521454,-0.002745576,0.001830195

ShortAudioTest,13.29791,-0.2479055,0.06506968,0.01240151,351.7961,356.6325,358.7082,-0.4269084,0.08018994,0.07570529,346.7626,339.2039,352.4993,0.005519587,-0.02667991,0.001093474,-0.09936918,-0.005306867,0.2765963,-0.2092259,-0.679588,-0.04731387,354.2071,326.9801,227.3965,7.423011E-06,0.001286006,-0.0005696009,0.001902625,-0.00145283,-0.001984861

ShortAudioTest,13.3098,-0.2476829,0.06487572,0.01250814,351.7914,356.6272,358.7097,-0.4300249,0.08375156,0.07417226,346.7676,339.1635,352.677,-0.003577643,-0.01491865,-0.003936942,-0.09156909,-0.004698804,0.2579801,-0.2092175,-0.6795691,-0.04731721,354.2062,326.9805,227.3993,0.0002389762,0.001406439,-0.0004726487,0.0001188826,-0.000688253,-0.0006035744

ShortAudioTest,13.32051,-0.2475418,0.06477273,0.01254581,351.8016,356.634,358.7136,-0.4300137,0.0835973,0.07427377,346.7576,339.1226,352.8128,-0.001962177,-0.01509046,-0.002594986,-0.0820781,-0.005575252,0.234532,-0.209228,-0.6795365,-0.0473212,354.202,326.9773,227.4055,-9.603644E-05,0.001833424,-0.0004062104,-0.003389317,-0.001537599,0.001087324

ShortAudioTest,13.33148,-0.2480359,0.06526423,0.01235561,351.7919,356.633,358.7202,-0.4298552,0.08337736,0.07426751,346.7492,339.1066,352.9117,0.001483551,-0.01593326,-0.002113688,-0.07606453,0.001053259,0.210935,-0.2091613,-0.6796278,-0.04720905,354.2119,326.9812,227.3969,0.0002559131,0.00126509,0.000487037,0.001957,-0.0005686861,-0.0007631833

ShortAudioTest,13.34371,-0.2478343,0.06507719,0.01243095,351.7766,356.6306,358.7238,-0.4309717,0.08460343,0.07370389,346.7477,339.0614,353.0389,-0.003447994,-0.009425436,-0.004864252,-0.07133718,-0.004456469,0.191939,-0.2091566,-0.6796108,-0.04720086,354.2105,326.9823,227.4027,0.0003105155,0.001234657,0.000555844,-0.0003679316,0.0002465538,0.001534343

ShortAudioTest,13.35443,-0.2476754,0.06496716,0.01243757,351.7715,356.6282,358.7286,-0.4309239,0.08448899,0.07381088,346.7416,339.0459,353.1147,-0.001182485,-0.01011308,-0.003180571,-0.05917931,-0.00205636,0.1660518,-0.2091436,-0.679617,-0.04719168,354.2132,326.9806,227.3989,0.0005192543,0.0006127317,0.000633817,0.002117258,-0.001180783,0.0006040469

ShortAudioTest,13.36516,-0.2482949,0.06552804,0.0122103,351.7756,356.6319,358.7137,-0.4308838,0.08427763,0.07381368,346.7369,339.0362,353.1151,0.0008942616,-0.01180912,-0.002896939,-0.04994877,-0.002929698,0.1377213,-0.2092766,-0.6796197,-0.0471876,354.2171,326.9871,227.405,-0.0002902159,0.0005821735,0.0004948007,0.001357267,0.001862838,0.001231848

ShortAudioTest,13.37716,-0.2480917,0.06538129,0.01227562,351.7777,356.6163,358.7086,-0.4316514,0.08520246,0.07341176,346.7357,339.026,353.1642,-0.001938868,-0.00557035,-0.004794433,-0.04039354,6.464901E-05,0.1071298,-0.2092831,-0.6796039,-0.04718366,354.2129,326.9843,227.4038,-0.000357053,0.0008645509,0.0004450566,-0.0005776994,-2.239064E-05,-0.001045267

ShortAudioTest,13.38775,-0.2479694,0.06527698,0.01221489,351.7752,356.6161,358.725,-0.4316252,0.0851382,0.07347524,346.7223,339.0147,353.1943,-0.0005330636,-0.005945046,-0.003618451,-0.03203047,-0.00226352,0.0860818,-0.2092942,-0.6795977,-0.04719076,354.2141,326.9831,227.4034,-0.000570188,0.0007556548,0.0001106175,0.0001238218,-0.0006852004,-0.0005942649

ShortAudioTest,13.39971,-0.2485861,0.06580722,0.01199441,351.7584,356.6256,358.731,-0.4314677,0.08498502,0.07347798,346.7175,339.0254,353.1353,0.003265313,-0.007081315,-0.002801024,-0.01556345,-0.0001605404,0.04406098,-0.2093159,-0.679639,-0.04731792,354.2128,326.9808,227.4102,-0.0008452262,0.0002931695,-0.001034909,0.0002788239,-0.001298297,0.0007758327

ShortAudioTest,13.41037,-0.248417,0.06568205,0.01205282,351.762,356.623,358.7407,-0.4317815,0.08533132,0.07324308,346.7127,339.022,353.1338,0.002217963,-0.004827233,-0.004085735,-0.01020307,-0.001343187,0.02509057,-0.2093195,-0.6796449,-0.04732746,354.2158,326.9839,227.4105,-0.000696208,3.097696E-05,-0.0009861037,0.001461793,0.0003667153,0.001382289

ShortAudioTest,13.42146,-0.2482712,0.06561339,0.01212071,351.773,356.616,358.7278,-0.4319447,0.08565426,0.07310998,346.7117,339.0321,353.1014,0.002395649,-0.002678028,-0.004502077,-0.003199412,0.0009107652,0.003254012,-0.2093272,-0.6796466,-0.04734194,354.215,326.9827,227.4099,-0.0006865339,-4.308622E-05,-0.001067485,0.0008703196,-0.0004658092,0.001079049

ShortAudioTest,13.43316,-0.2489376,0.06615996,0.01188259,351.7643,356.6153,358.7398,-0.4317964,0.08553743,0.07333589,346.6996,339.0586,352.9885,0.005443917,-0.00390109,-0.002073536,0.01259621,0.003075495,-0.03429763,-0.2094017,-0.6796445,-0.04727143,354.216,326.9858,227.4074,-0.001121372,0.000121377,-0.0002149448,1.275485E-05,0.0008092068,-0.0007368016

ShortAudioTest,13.44383,-0.2487922,0.06604028,0.01192443,351.7628,356.6153,358.7354,-0.4320338,0.08596122,0.07315761,346.6992,339.0712,352.9123,0.004857586,-0.001456668,-0.002966659,0.02095089,0.00124394,-0.05788639,-0.2094249,-0.6796504,-0.04728788,354.2178,326.9796,227.4092,-0.001372516,1.933396E-06,-0.0005977299,-0.0003081282,-0.002130642,0.0004748065

ShortAudioTest,13.45527,-0.2486804,0.06595087,0.01191555,351.75,356.6146,358.7406,-0.4318948,0.08593774,0.0733217,346.6932,339.102,352.8017,0.007602016,-0.002254824,-0.001051887,0.03630544,0.000845427,-0.09239046,-0.2094336,-0.6796404,-0.04729626,354.217,326.9821,227.4116,-0.001332022,0.000255431,-0.0006926951,-0.0009593971,-0.0005847358,0.001243348

ShortAudioTest,13.46651,-0.2492636,0.06651938,0.01167969,351.7585,356.6083,358.7439,-0.4316633,0.08584321,0.07332385,346.6792,339.1342,352.6635,0.01059746,-0.00306989,-0.0009859682,0.04098896,0.004176727,-0.1166544,-0.2093362,-0.6797081,-0.04727685,354.218,326.9825,227.4084,-0.0007751444,-3.396174E-05,-0.000248895,0.0003337402,-0.0004146317,0.001993866

ShortAudioTest,13.47776,-0.2491519,0.06641006,0.01173119,351.7561,356.6218,358.7506,-0.4316623,0.08601046,0.07325774,346.6803,339.1523,352.5544,0.01054419,-0.002162621,-0.00121221,0.04657322,7.349733E-05,-0.1286899,-0.2093369,-0.6797022,-0.0472776,354.2136,326.9833,227.4052,-0.0005282016,0.0001162033,-0.0001886201,-0.0005785362,-2.287753E-05,-0.001043896

ShortAudioTest,13.48862,-0.2490541,0.06637025,0.01178746,351.7586,356.6105,358.7459,-0.4314657,0.08600032,0.07347006,346.6686,339.1998,352.4064,0.01244795,-0.002322746,0.001151163,0.05501795,0.004190643,-0.1506017,-0.2093354,-0.679691,-0.04726672,354.2064,326.9813,227.4093,-0.0003752664,0.0004582536,0.000110673,-0.004838396,-0.001093309,-0.001023376

ShortAudioTest,13.50006,-0.2495905,0.06686783,0.01157068,351.7556,356.6275,358.7526,-0.4312425,0.08587337,0.07349688,346.6587,339.2354,352.2242,0.01426341,-0.003609514,0.001057566,0.06169758,0.003077153,-0.1727066,-0.209143,-0.6797732,-0.04715014,354.2142,326.9882,227.3988,0.0007540842,0.0004309205,0.0007219664,-0.001223019,0.001524315,-0.0002820684

ShortAudioTest,13.51137,-0.2494539,0.06682098,0.01159333,351.7444,356.6036,358.7557,-0.4312143,0.0859865,0.0733853,346.6496,339.2675,352.0865,0.01422756,-0.003420285,-0.0004244297,0.06112569,0.002668928,-0.1798936,-0.2091454,-0.6797856,-0.04715297,354.2177,326.9869,227.3887,0.0004642522,2.798014E-05,0.0004422038,0.002344383,-4.093637E-06,-0.003045138

ShortAudioTest,13.52232,-0.2493502,0.06670654,0.01156984,351.7525,356.6053,358.7386,-0.4311254,0.08614385,0.07347059,346.6362,339.3124,351.9267,0.01485559,-0.002930143,0.0005423671,0.0649679,0.003465928,-0.1917758,-0.2091538,-0.6797959,-0.04715449,354.2191,326.9807,227.389,9.849508E-05,-0.0002246452,0.0002696639,0.002022929,-0.002944019,-0.001833912

ShortAudioTest,13.53343,-0.2500273,0.06721985,0.01133423,351.739,356.6029,358.7539,-0.4310812,0.08591497,0.07349104,346.6326,339.3376,351.7879,0.01476634,-0.005144829,0.0004875487,0.07019969,0.003820729,-0.2042128,-0.2093863,-0.6797684,-0.04729897,354.2165,326.9851,227.4081,-0.001440854,-0.0002110996,-0.0009811869,-0.001119507,2.903856E-05,-0.0001238254

ShortAudioTest,13.54445,-0.2499597,0.06714261,0.01137875,351.7271,356.6118,358.7543,-0.4309819,0.08597076,0.07346696,346.6336,339.3839,351.6093,0.01529384,-0.005815316,0.0004191622,0.07661901,0.005056082,-0.2164681,-0.20941,-0.6797773,-0.04730964,354.2206,326.9844,227.4082,-0.001644675,-0.0003727186,-0.000967949,0.0008751273,-0.0004640125,0.001081426

ShortAudioTest,13.55555,-0.2498982,0.06713223,0.01147007,351.7365,356.6223,358.7606,-0.4307873,0.08597386,0.07372457,346.6259,339.4355,351.4199,0.01590031,-0.00505471,0.002923928,0.08276977,0.005246101,-0.2285017,-0.209419,-0.679777,-0.04731613,354.2199,326.986,227.4064,-0.001372707,-0.0002298807,-0.000828677,0.0007146546,0.0001481326,-0.0002857833

ShortAudioTest,13.56798,-0.2503417,0.0676254,0.01126783,351.729,356.611,358.7728,-0.4304247,0.08588481,0.07373172,346.6151,339.4752,351.2324,0.01798986,-0.006078754,0.00221642,0.08122128,0.004661709,-0.2277348,-0.2092496,-0.6798123,-0.04724896,354.215,326.9885,227.3963,-0.000246507,1.36527E-05,-0.0001927964,0.0005570651,0.0007596085,-0.001660508

ShortAudioTest,13.5777,-0.2502327,0.06757176,0.01128243,351.7416,356.6093,358.7587,-0.4302117,0.08581936,0.07374638,346.6117,339.5206,351.0568,0.01859662,-0.006504986,0.002133638,0.0831234,0.005446506,-0.2320303,-0.2092582,-0.6798269,-0.04725075,354.2202,326.9881,227.3924,-0.0004006853,-0.0003432306,-0.0001900735,0.003092741,0.0002155524,-0.001371552

ShortAudioTest,13.58887,-0.2501638,0.06753945,0.01139061,351.7393,356.6056,358.7515,-0.4299684,0.08573437,0.07405841,346.6095,339.5687,350.8576,0.01919625,-0.007262249,0.004427089,0.09070676,0.003285591,-0.2428004,-0.2092693,-0.6798147,-0.04725632,354.2158,326.9838,227.3929,-0.0006262827,2.297655E-05,-0.0002868619,0.001317918,-0.0022816,-0.0022816

ShortAudioTest,13.6005,-0.2506732,0.06802905,0.01119511,351.7412,356.619,358.7618,-0.4295934,0.08564723,0.07409835,346.592,339.6227,350.631,0.02145456,-0.007338081,0.003940052,0.0907124,0.004710775,-0.2562967,-0.2091722,-0.6797789,-0.04713309,354.2213,326.9901,227.3857,0.0002749479,0.0002577931,0.0007204326,0.001857688,0.0009292964,-0.0009119284

ShortAudioTest,13.61155,-0.250618,0.06797469,0.01120196,351.7313,356.6277,358.7778,-0.429625,0.08588982,0.0740183,346.5898,339.6557,350.4933,0.02110189,-0.005984832,0.002982629,0.09268864,0.0047469,-0.2638678,-0.2091764,-0.6797627,-0.04712629,354.2178,326.9877,227.3875,0.0001502238,0.0006707625,0.0007827456,-0.0005681805,-2.160948E-05,-0.001053427

ShortAudioTest,13.62293,-0.250531,0.06795061,0.01112466,351.7283,356.6107,358.7678,-0.4292958,0.08577466,0.07415432,346.5737,339.7121,350.2778,0.02321525,-0.007497977,0.00339402,0.09780752,0.005766651,-0.2730184,-0.2091681,-0.6797532,-0.04712814,354.2166,326.9836,227.387,0.0003193807,0.0007667023,0.0004431166,-0.001050167,-0.002349176,-0.001209538

ShortAudioTest,13.63447,-0.2510219,0.06841886,0.01094894,351.7258,356.6056,358.771,-0.4290347,0.08570969,0.0741666,346.5581,339.7669,350.0507,0.02396544,-0.007662953,0.003135158,0.0965383,0.006590468,-0.2808492,-0.2091593,-0.6797546,-0.04726788,354.2149,326.9826,227.3919,0.0005293782,0.0004674641,-0.0005509767,0.0002355183,-0.002180919,-0.0004534177

ShortAudioTest,13.64528,-0.2509986,0.06840479,0.01096623,351.7301,356.6131,358.7645,-0.4288052,0.08573055,0.07417536,346.5544,339.8229,349.8132,0.02440122,-0.007508942,0.003011285,0.1011855,0.005491763,-0.2953728,-0.2091473,-0.6797596,-0.04727671,354.2188,326.9862,227.3936,0.0006830032,0.0001656423,-0.0006183943,0.001469386,0.0003667116,0.001372993

ShortAudioTest,13.65659,-0.250977,0.0683831,0.01099901,351.7295,356.6211,358.7732,-0.4284501,0.0856235,0.07445651,346.5399,339.8837,349.547,0.02643565,-0.008725203,0.005064672,0.1109343,0.00669655,-0.3182897,-0.2091465,-0.6797508,-0.0472824,354.2129,326.9852,227.3862,0.0005694497,0.000359192,-0.0005505609,0.0005066397,-0.0001239786,-0.002884326

ShortAudioTest,13.66773,-0.2514279,0.06883085,0.01082073,351.7217,356.6114,358.7816,-0.4281167,0.08547592,0.07450092,346.5331,339.9392,349.3095,0.0269518,-0.009510343,0.004534924,0.1103297,0.005980979,-0.3171131,-0.2091264,-0.6797775,-0.04726109,354.2141,326.9855,227.39,0.0005691138,-6.161103E-06,-0.0005692245,-0.001114823,2.887234E-05,-0.0001356545

ShortAudioTest,13.67907,-0.2513921,0.06882131,0.01082985,351.7224,356.62,358.7774,-0.4279851,0.08559561,0.074444,346.5273,339.9955,349.1125,0.02608069,-0.008340133,0.003313437,0.1050067,0.008850776,-0.3057465,-0.2091153,-0.6797885,-0.04726538,354.2157,326.9869,227.3859,0.0007238911,-0.0002267478,-0.0004966388,0.0005591334,0.0007598391,-0.001664662

ShortAudioTest,13.69017,-0.2513298,0.06878126,0.01090275,351.7192,356.6196,358.7778,-0.4277631,0.08552039,0.07479471,346.5054,340.0158,348.9691,0.02412369,-0.008828516,0.004510918,0.09347375,0.002961498,-0.2749205,-0.2091162,-0.6798128,-0.04726478,354.2176,326.9826,227.3897,0.0004756286,-0.0008034451,-0.000267714,0.0002879312,-0.001297201,0.0007661316

ShortAudioTest,13.70123,-0.2517782,0.06925678,0.01070164,351.7098,356.6229,358.7693,-0.4275457,0.08544683,0.07479197,346.5016,340.0401,348.8617,0.02368256,-0.009207135,0.003383288,0.08923819,0.001856983,-0.2595585,-0.2090042,-0.6799062,-0.04712757,354.2162,326.9881,227.3839,0.000758108,-0.0004124933,0.0005970462,-0.001268782,0.0006430691,-0.001503974

ShortAudioTest,13.71233,-0.2517475,0.06926692,0.01073335,351.7094,356.605,358.7904,-0.4275925,0.08565664,0.07467979,346.4968,340.0753,348.7335,0.02103951,-0.007839636,0.002287239,0.08003636,0.003340204,-0.2337761,-0.2090129,-0.6799046,-0.04712504,354.2266,326.9892,227.3806,0.0003441176,-0.0004049366,0.0005683409,0.004444716,0.001268952,0.0005971527

ShortAudioTest,13.72378,-0.2517314,0.0692842,0.01077585,351.7324,356.6166,358.7835,-0.4274163,0.08561122,0.07491112,346.4635,340.0982,348.6362,0.0195235,-0.007704161,0.003197653,0.06793309,0.004160583,-0.2041104,-0.2090228,-0.6798886,-0.04714024,354.2268,326.9793,227.395,-3.024444E-05,-3.981993E-05,2.238475E-05,0.0002338887,-0.003082555,0.00578218

ShortAudioTest,13.73463,-0.2522175,0.06969857,0.01056777,351.7361,356.6076,358.7767,-0.4272082,0.08543289,0.07488745,346.463,340.125,348.5264,0.01904282,-0.009304898,0.001371438,0.06238684,0.003004345,-0.1856374,-0.2090973,-0.679891,-0.04715586,354.2181,326.9879,227.3845,-0.0004305448,0.0006958659,-0.0003581472,-0.0001868529,0.0005439714,-0.003330744

ShortAudioTest,13.74576,-0.2522179,0.06968236,0.0105208,351.7165,356.61,358.7852,-0.4270828,0.08541727,0.07483256,346.4629,340.1514,348.422,0.01810322,-0.009731292,-5.077758E-05,0.05811286,0.00322293,-0.1695215,-0.2091238,-0.6798936,-0.04716071,354.2296,326.9858,227.3861,-0.001056243,0.0002912527,-0.0003994595,0.00471443,-0.0008364124,0.00211718

ShortAudioTest,13.75762,-0.2522391,0.06969619,0.01049881,351.702,356.6292,358.8156,-0.4269079,0.08537054,0.07501972,346.4295,340.1668,348.3376,0.01738107,-0.009033081,0.0009569687,0.0528794,0.002246747,-0.1545558,-0.2091295,-0.6798774,-0.04717472,354.2299,326.9844,227.395,-0.000875046,0.0006003603,-0.0006375191,0.001256902,-0.0008034171,0.005027837

ShortAudioTest,13.76919,-0.252552,0.07007384,0.01035731,351.7013,356.6165,358.8036,-0.4269546,0.08536553,0.07490945,346.4293,340.1844,348.2903,0.01528424,-0.009573495,-0.0004129294,0.04466733,0.004154932,-0.130906,-0.2090217,-0.6799535,-0.04718429,354.2165,326.992,227.3824,0.0004257864,-3.376696E-05,-0.0004877534,-0.001539818,0.002751649,-0.003015261

ShortAudioTest,13.78173,-0.2525276,0.07012045,0.01036947,351.711,356.6134,358.7772,-0.4269451,0.08545625,0.07486284,346.4262,340.185,348.2748,0.01399046,-0.008473214,-0.001056899,0.0355828,0.002351875,-0.1099125,-0.2090398,-0.6799351,-0.04719794,354.2135,326.9904,227.3846,-0.0001379548,0.0004380081,-0.0006963332,-0.002672599,0.00196993,-0.002402602

ShortAudioTest,13.79063,-0.2525136,0.07015491,0.01041101,351.7238,356.614,358.7747,-0.4268435,0.08538687,0.07505274,346.3999,340.1811,348.2754,0.01272662,-0.008867372,-0.0002728839,0.02636592,0.002059155,-0.0765059,-0.2090493,-0.6799394,-0.0472075,354.2282,326.987,227.3935,-0.000369656,0.0001419474,-0.0007185403,0.00184784,2.755735E-05,0.005328646

ShortAudioTest,13.80199,-0.2529466,0.07051837,0.01024883,351.7132,356.6158,358.783,-0.4268564,0.08538628,0.07495463,346.398,340.1838,348.2576,0.01097586,-0.008652918,-0.001696569,0.02020452,0.0001018429,-0.06267966,-0.2090137,-0.6799721,-0.04714692,354.2219,326.9822,227.3813,-0.000238033,9.969271E-05,-0.0003380468,0.0001960423,-0.003060073,-0.001673106

ShortAudioTest,13.81275,-0.2529814,0.07055056,0.01022165,351.7093,356.6168,358.7976,-0.4268281,0.08544469,0.07485461,346.4047,340.1889,348.2547,0.01045239,-0.008363322,-0.003279216,0.01588044,0.002351251,-0.04252221,-0.2090015,-0.6799775,-0.04713905,354.2219,326.9864,227.373,0.0001206268,-7.699167E-05,-3.005911E-05,0.002301382,-0.000884129,-0.00426552

ShortAudioTest,13.82394,-0.2529944,0.07058525,0.0101025,351.7086,356.6113,358.8034,-0.4268392,0.08517659,0.07465965,346.4003,340.1828,348.2896,0.008161999,-0.01040368,-0.005831378,0.004220882,-0.00217477,-0.01681254,-0.2089946,-0.6799628,-0.04713428,354.229,326.9843,227.3858,0.0002906272,0.0002683337,0.0001424345,0.001801082,-0.0008554122,0.004107685

ShortAudioTest,13.837,-0.253464,0.07093596,0.009930358,351.7034,356.6121,358.7982,-0.4267602,0.08505714,0.07455355,346.4025,340.1789,348.3335,0.007754252,-0.01043997,-0.006861994,-0.002389202,0.001522513,0.006803751,-0.2091967,-0.6798941,-0.0473066,354.2198,326.9858,227.3994,-0.0005561051,0.0001681277,-0.0009814274,-0.001066137,0.000913644,0.001094995

ShortAudioTest,13.8456,-0.2534729,0.07097423,0.009858237,351.7014,356.5963,358.7893,-0.4269763,0.08527613,0.07437164,346.4058,340.1694,348.3618,0.00584038,-0.009943401,-0.008474285,-0.006631415,0.001029821,0.01963002,-0.2092046,-0.6798929,-0.047304,354.2169,326.9866,227.3936,-0.0006919067,0.0002067083,-0.0007019688,-0.0007357946,0.0005924237,-0.002408006

ShortAudioTest,13.85724,-0.2535021,0.07098317,0.009961412,351.6961,356.6088,358.7966,-0.4269578,0.08524227,0.07452339,346.4207,340.1602,348.4219,0.005058357,-0.009711381,-0.007497424,-0.01442577,2.08378E-05,0.04081244,-0.2092185,-0.6798836,-0.04730457,354.219,326.9841,227.3949,-0.0008350683,0.0003902918,-0.0004741805,0.0001260488,-0.0006828253,-0.0005899636

ShortAudioTest,13.86858,-0.253828,0.07133245,0.009850667,351.7035,356.6125,358.8121,-0.4269037,0.0849787,0.07445848,346.4312,340.1411,348.5001,0.003751198,-0.01118956,-0.007884377,-0.01837444,-0.001251861,0.06105642,-0.2090838,-0.6799539,-0.0470767,354.2261,326.9891,227.3958,-0.0003479167,0.0009145666,0.00117092,-0.001976674,0.0004058548,0.004289316

ShortAudioTest,13.87947,-0.253876,0.07136691,0.009864138,351.6954,356.6208,358.8099,-0.4269613,0.08501947,0.07434863,346.4299,340.1176,348.5976,0.002752636,-0.009963567,-0.008205466,-0.02911069,-0.0009181059,0.08432925,-0.2090793,-0.679922,-0.04706278,354.2191,326.9958,227.3884,-0.0001291311,0.001509219,0.001152014,-0.00261821,0.002856086,-0.001178759

ShortAudioTest,13.89104,-0.2538579,0.07142258,0.009883449,351.7066,356.6117,358.7913,-0.4270103,0.08497715,0.07462519,346.4473,340.0987,348.7014,0.001550191,-0.01001009,-0.005842733,-0.03595215,-0.0002731271,0.1041227,-0.2090943,-0.6799041,-0.04704839,354.2218,326.9909,227.3803,-0.0004317987,0.001599773,0.001206102,0.001058722,-0.0001673618,-0.003795132

ShortAudioTest,13.90258,-0.254227,0.07174861,0.009733246,351.7057,356.6148,358.8018,-0.4270873,0.08476067,0.07453799,346.4529,340.0699,348.8169,0.0003650028,-0.01108073,-0.006725014,-0.04049329,-0.001774215,0.117175,-0.2091639,-0.679881,-0.04705277,354.2281,326.9894,227.3916,-0.0007384387,0.001139281,0.001169586,0.000347535,-0.00040832,0.001992752

ShortAudioTest,13.91372,-0.2542818,0.07180595,0.009695218,351.698,356.6088,358.8017,-0.4274007,0.08506656,0.0743283,346.4557,340.0403,348.9199,-0.001641798,-0.008780694,-0.008012339,-0.04373487,-0.002618755,0.1245682,-0.2091678,-0.6798693,-0.04704392,354.2242,326.9868,227.3927,-0.0005969548,0.001088958,0.001039032,-0.001537225,-0.001409882,0.0009349882

ShortAudioTest,13.9244,-0.2543236,0.07183719,0.009642825,351.6901,356.6101,358.8018,-0.4275107,0.08515036,0.07483548,346.4282,340.0048,349.0239,-0.00255787,-0.007936081,-0.003962962,-0.04840554,-0.001446427,0.1390958,-0.209174,-0.679875,-0.04703587,354.2281,326.989,227.3878,-0.000605565,0.0006259453,0.0009067079,0.001429642,-0.000509278,0.0001602057

ShortAudioTest,13.93624,-0.2545681,0.07213497,0.009537623,351.686,356.6149,358.799,-0.4275533,0.08500063,0.07475305,346.4309,339.9668,349.1807,-0.002965985,-0.009142356,-0.005099635,-0.05684492,-0.003154819,0.1614651,-0.2091782,-0.6797975,-0.04714474,354.2179,326.9851,227.3937,-0.0008380194,0.00135342,7.671705E-05,-0.001493655,-0.000530534,0.002150768

ShortAudioTest,13.94747,-0.2546134,0.07222712,0.00952302,351.6922,356.6127,358.7991,-0.4278235,0.08505034,0.07456815,346.435,339.9364,349.3136,-0.005082665,-0.008350248,-0.006057302,-0.05880118,-0.004345617,0.1741217,-0.2091845,-0.6797754,-0.04714471,354.2171,326.9879,227.3908,-0.0007498375,0.001513656,5.273243E-05,-0.0005211695,0.0008635219,0.0001708573

ShortAudioTest,13.95993,-0.2546444,0.07227421,0.009563134,351.6986,356.6146,358.7896,-0.4279271,0.08496714,0.07482713,346.413,339.8942,349.4813,-0.005746259,-0.00912637,-0.003588299,-0.06253298,-0.002022609,0.1897933,-0.2092023,-0.6797498,-0.04714966,354.2169,326.9853,227.3862,-0.001009232,0.001712022,-8.822615E-05,0.000670793,-0.0007330482,-0.001514176

ShortAudioTest,13.96998,-0.2550343,0.07251358,0.009438501,351.6943,356.6125,358.8077,-0.4280663,0.08480442,0.07474566,346.416,339.8548,349.6552,-0.006573369,-0.009743284,-0.004749577,-0.06874496,-0.0008057246,0.2025682,-0.2093562,-0.6797737,-0.04714623,354.2199,326.9856,227.3906,-0.002278373,0.001262905,8.675379E-05,0.0006704544,-0.0007320028,-0.001507172

ShortAudioTest,13.98062,-0.255121,0.07259071,0.009390519,351.6811,356.6148,358.8172,-0.4284018,0.08496618,0.07455486,346.4186,339.8207,349.8193,-0.008341938,-0.0082872,-0.006089405,-0.07267857,0.0002930344,0.2126266,-0.2093736,-0.6797599,-0.04713869,354.2209,326.9878,227.3876,-0.002082054,0.001231955,0.0002352928,0.001803152,4.974509E-05,-0.002119994

ShortAudioTest,13.99177,-0.2551355,0.07265353,0.009366677,351.677,356.6053,358.8156,-0.4285475,0.08488154,0.07460171,346.3951,339.7553,350.0434,-0.009253629,-0.008434297,-0.006321672,-0.08207715,-0.00356455,0.2389298,-0.2094114,-0.6797377,-0.04714063,354.2193,326.9853,227.3924,-0.002408244,0.00140587,0.0001489172,-0.0004117865,-0.0006308245,0.0003253054

ShortAudioTest,14.0032,-0.2552246,0.07281172,0.009310589,351.6853,356.6109,358.809,-0.4287498,0.08504629,0.0743894,346.3952,339.7096,350.2444,-0.009661004,-0.00668411,-0.007799355,-0.08636817,-0.002141709,0.2499527,-0.2092651,-0.6797026,-0.04716218,354.2129,326.9844,227.3875,-0.001065784,0.002065381,9.000549E-05,-0.001114775,3.023341E-05,-0.000133754

ShortAudioTest,14.01373,-0.2553151,0.07291567,0.009261356,351.692,356.6089,358.8025,-0.4289511,0.08528018,0.07428163,346.4009,339.6869,350.3541,-0.009832995,-0.00526129,-0.008512584,-0.08765107,-0.001666203,0.2505059,-0.2092723,-0.6797019,-0.04714665,354.2172,326.9866,227.3832,-0.001019487,0.001664198,0.0005200691,0.001852298,0.0009303249,-0.0009083627

ShortAudioTest,14.02521,-0.2553828,0.07295454,0.009200082,351.6771,356.6084,358.8152,-0.4290422,0.08519018,0.07426846,346.3811,339.6424,350.5217,-0.00907394,-0.006210596,-0.008151982,-0.08371748,-0.003218571,0.2429893,-0.2092839,-0.6796728,-0.04714006,354.2113,326.9868,227.3826,-0.001020954,0.001901884,0.0005420461,-0.0007338555,0.0005919622,-0.002417083

ShortAudioTest,14.03638,-0.2556428,0.07316327,0.009127782,351.676,356.6072,358.8083,-0.4291334,0.08504891,0.0741896,346.3784,339.6134,350.6512,-0.007349447,-0.006964906,-0.007994123,-0.07917266,-0.001368532,0.2215555,-0.2094226,-0.6795841,-0.04720438,354.2114,326.9849,227.3907,-0.001672771,0.002057635,9.315609E-05,-0.001818445,0.0006922417,-0.0005802833

ShortAudioTest,14.04696,-0.2557231,0.07327211,0.009057448,351.6884,356.6051,358.8039,-0.429479,0.08525646,0.0739513,346.3816,339.5903,350.7675,-0.00805333,-0.006024063,-0.008954126,-0.07265001,-0.0009975352,0.2060189,-0.2094588,-0.6795663,-0.04720747,354.215,326.9757,227.3867,-0.002078017,0.001959033,-2.031785E-05,0.0008860239,-0.003725749,-0.001215788

ShortAudioTest,14.05791,-0.2557654,0.07330263,0.009066806,351.6829,356.613,358.798,-0.4294698,0.08519685,0.07403338,346.3631,339.569,350.8287,-0.005061186,-0.006642623,-0.008123275,-0.06012549,-0.003177737,0.1662844,-0.2094791,-0.6795465,-0.04720011,354.2159,326.979,227.3857,-0.00199267,0.001868073,0.0001660898,0.001368013,-0.00139817,-0.001059835

ShortAudioTest,14.07013,-0.2558473,0.07346213,0.009006844,351.6713,356.6052,358.8056,-0.4295778,0.08520508,0.07388401,346.3622,339.5523,350.91,-0.00430817,-0.006575443,-0.00829549,-0.05308043,-0.0007958226,0.1502887,-0.2092797,-0.6795672,-0.0471378,354.215,326.9859,227.3799,-0.0003750766,0.002322744,0.0005765849,0.0006106105,0.001642702,-0.0004444871

ShortAudioTest,14.08111,-0.255944,0.07356954,0.008964346,351.6743,356.6003,358.8136,-0.42971,0.08541572,0.07377326,346.3682,339.5379,350.9638,-0.003632952,-0.004932066,-0.008109508,-0.04581024,-0.002373904,0.1320956,-0.2092961,-0.6795143,-0.04713312,354.2144,326.9836,227.3848,-0.0006164825,0.003005284,0.0005526039,-0.001063547,0.000911866,0.001084383

ShortAudioTest,14.09285,-0.2559806,0.0736227,0.00899838,351.6768,356.6029,358.8085,-0.429664,0.0853802,0.07395995,346.3554,339.5402,350.9629,-0.001406834,-0.005492093,-0.005957712,-0.03730005,-0.002189474,0.1031529,-0.2093008,-0.6794835,-0.04713273,354.2128,326.9848,227.3831,-0.0005852449,0.003241616,0.0004514194,-0.001223648,0.00152431,-0.0002827332

ShortAudioTest,14.10352,-0.2560816,0.07377136,0.008925364,351.6815,356.5998,358.7963,-0.4298751,0.08547568,0.07377458,346.3533,339.5374,350.9867,-0.0009072119,-0.005406686,-0.006748773,-0.02829328,0.0001909191,0.07957982,-0.2092613,-0.6794935,-0.04711884,354.2126,326.9817,227.3804,-0.0003632442,0.003091766,0.000480267,-0.0005726701,-2.183172E-05,-0.001052249

ShortAudioTest,14.11479,-0.2561716,0.07390082,0.00888233,351.6961,356.5756,358.8099,-0.429847,0.08545554,0.07368428,346.355,339.5427,351.0021,0.0005848816,-0.005391616,-0.006872505,-0.02220203,0.002187186,0.0657241,-0.2092716,-0.679454,-0.04711163,354.2118,326.9814,227.3849,-0.0005177829,0.00315744,0.0005264383,-0.00165506,7.955442E-05,0.0007801219

ShortAudioTest,14.12587,-0.2562968,0.0739404,0.008738802,351.684,356.6215,358.8134,-0.4297731,0.08537674,0.07372081,346.3401,339.5396,350.9862,0.002306003,-0.005959353,-0.00621903,-0.0144742,-0.001766772,0.04255549,-0.209282,-0.6794268,-0.04709959,354.2181,326.9816,227.3753,-0.0005526387,0.002958493,0.0007548772,0.003095819,0.0002148917,-0.001375661

ShortAudioTest,14.13751,-0.2563796,0.07403624,0.008665727,351.6802,356.6187,358.8539,-0.4296708,0.08526361,0.07364881,346.3447,339.5439,350.9518,0.004271555,-0.007188268,-0.006193727,-0.002685961,-0.002983932,0.01641239,-0.2093271,-0.6793743,-0.04735407,354.2107,326.9787,227.3882,-0.0006208437,0.00276787,-0.001095984,0.001458914,0.0003648287,0.001374739

ShortAudioTest,14.14853,-0.2565694,0.07411551,0.008572088,351.6399,356.6927,358.8615,-0.4295865,0.08530867,0.07356352,346.338,339.5622,350.9137,0.006114074,-0.006380883,-0.006669569,-0.0001610216,-8.469803E-05,-0.002567729,-0.209341,-0.6793171,-0.04737186,354.2038,326.9817,227.3884,-0.0008106043,0.003339379,-0.001209358,-0.001236586,0.00152171,-0.0002819042

ShortAudioTest,14.15977,-0.2566862,0.07416022,0.008629248,351.6419,356.753,358.8925,-0.4294806,0.08527112,0.073838,346.3433,339.5748,350.868,0.007570374,-0.006592308,-0.004398692,0.009313029,-0.0009866401,-0.02017751,-0.2093686,-0.6792744,-0.04738373,354.2062,326.9769,227.3913,-0.001255183,0.003491004,-0.001134142,-0.0009670479,-0.0005857931,0.001233007

ShortAudioTest,14.17196,-0.256862,0.07422161,0.008548186,351.6062,356.8104,358.9132,-0.4293822,0.08516717,0.07380515,346.3415,339.585,350.819,0.009008051,-0.007137907,-0.00450848,0.01415323,0.0001589696,-0.03420776,-0.2093419,-0.6793543,-0.04725969,354.2054,326.9789,227.3827,-0.001476875,0.003640807,-0.0001285645,-0.0007915966,-0.0002937024,-0.003635161

ShortAudioTest,14.18195,-0.2577494,0.07431889,0.008415864,351.5787,356.9239,358.8477,-0.4293739,0.08545709,0.07372826,346.3393,339.6075,350.7378,0.01010684,-0.004619841,-0.004542717,0.01936801,0.001340253,-0.05757184,-0.209365,-0.6793333,-0.04725501,354.2133,326.9748,227.3858,-0.001665444,0.003140339,2.071514E-05,0.00152278,-0.002012095,0.0003047259

ShortAudioTest,14.19342,-0.2593513,0.07469797,0.008413718,351.7841,356.6024,358.6911,-0.4292158,0.08542514,0.0739879,346.3362,339.6329,350.6511,0.01154657,-0.004936234,-0.00164436,0.02777239,0.002464642,-0.07740523,-0.2093935,-0.6792835,-0.04726201,354.2125,326.9717,227.388,-0.001884617,0.00344207,-0.0001724167,0.0003898136,-0.002793587,0.0009174219

ShortAudioTest,14.20438,-0.2611924,0.07486713,0.008429633,351.7818,356.0589,358.6753,-0.4292021,0.08534431,0.07394481,346.3329,339.6558,350.5607,0.01184235,-0.005222571,-0.001873821,0.03227427,0.003918765,-0.09046984,-0.2094488,-0.6792158,-0.04727191,354.2064,326.9787,227.3917,-0.001437916,0.003655611,2.731166E-05,-0.003116356,0.0005226591,-0.00133374

ShortAudioTest,14.21509,-0.2629895,0.07482719,0.008491621,351.6734,355.6328,358.8203,-0.4291197,0.08544958,0.07389283,346.3299,339.6754,350.4489,0.01269982,-0.004972743,-0.002329981,0.03739167,0.0003647349,-0.1099623,-0.2094662,-0.6791915,-0.04727501,354.2115,326.9789,227.3964,-0.001422789,0.003200143,-4.536983E-05,-0.001612906,0.0009627403,0.002007532

ShortAudioTest,14.22718,-0.2646027,0.07478702,0.008537577,351.6361,355.2162,358.9029,-0.4289899,0.08531463,0.07408649,346.3165,339.7055,350.3333,0.01350846,-0.005928664,-0.0008595384,0.04064064,0.0009789107,-0.1232058,-0.2094843,-0.6791474,-0.04726771,354.2113,326.9846,227.3931,-0.001497895,0.003330896,0.0001430542,-4.845137E-05,0.003188865,0.00033099

ShortAudioTest,14.23711,-0.2660306,0.07487667,0.008521722,351.5642,354.7762,358.9285,-0.4289196,0.08537292,0.0739997,346.3152,339.7382,350.1989,0.01406975,-0.005634656,-0.001512164,0.04843774,0.001400373,-0.1418457,-0.2095087,-0.6791214,-0.04739419,354.2049,326.9776,227.3879,-0.001886294,0.003344274,-0.001043392,0.0004966776,-0.000125553,-0.002876711

ShortAudioTest,14.24895,-0.2672229,0.07501781,0.00852047,351.5629,354.31,358.9315,-0.4288672,0.08557701,0.07395428,346.3179,339.7697,350.0793,0.01532075,-0.004128849,-0.001861864,0.05781639,0.0028996,-0.1638222,-0.2095122,-0.6790959,-0.04740208,354.2072,326.9779,227.3939,-0.001568438,0.003309915,-0.001028684,0.0001659106,0.0001963104,0.0006262035

ShortAudioTest,14.25978,-0.2682137,0.07514131,0.008594678,351.5919,353.8569,358.9163,-0.4286281,0.08550274,0.07420278,346.3073,339.813,349.9138,0.01720878,-0.005270106,0.0002790171,0.06434427,0.003034767,-0.1851926,-0.2095318,-0.6790527,-0.04742229,354.2042,326.9745,227.3914,-0.001577269,0.003403528,-0.001254265,-0.0004762075,-0.001519167,-0.0008966613

ShortAudioTest,14.27021,-0.2694234,0.07527399,0.008577392,351.5833,353.4212,358.8129,-0.4284792,0.08532906,0.0742178,346.304,339.8515,349.7376,0.01772513,-0.006590194,0.0002189569,0.06961026,0.002553149,-0.2009067,-0.2096376,-0.6791645,-0.04734093,354.2152,326.9798,227.3899,-0.002473472,0.002434838,-0.0004014042,0.003085442,0.0002163941,-0.001361221

ShortAudioTest,14.28253,-0.270462,0.0754329,0.008539842,351.5811,353.0372,358.8186,-0.4283497,0.08549786,0.07418305,346.2989,339.8936,349.5702,0.01840606,-0.005257395,-0.0002361094,0.07027122,0.003628319,-0.2104696,-0.2096723,-0.67913,-0.04734942,354.2113,326.974,227.3957,-0.002622748,0.002552039,-0.0004911646,-0.0003130981,-0.002128419,0.0004770992

ShortAudioTest,14.29409,-0.2715541,0.07535779,0.00852196,351.607,352.7487,358.8032,-0.4282113,0.0853889,0.07444125,346.2825,339.9226,349.4253,0.01773532,-0.006073839,0.00135765,0.06840487,0.00151459,-0.2069165,-0.2095954,-0.6791605,-0.04730934,354.2054,326.9797,227.3904,-0.001705544,0.003263239,-0.0002574953,-0.001333844,-0.0002398796,-0.002709934

ShortAudioTest,14.30493,-0.2731264,0.07556307,0.008223698,351.645,352.5094,358.7503,-0.4280251,0.08534324,0.07442278,346.2791,339.9528,349.2939,0.01745897,-0.005966441,0.0006472844,0.06614667,0.0005012912,-0.1991166,-0.2096174,-0.6791276,-0.04731116,354.2077,326.9795,227.3938,-0.001730024,0.003156529,-0.0002276622,-0.00112326,3.105514E-05,-0.000123167

ShortAudioTest,14.31745,-0.274778,0.07576549,0.007900761,351.6807,352.2211,358.7075,-0.4279647,0.08550847,0.07437611,346.2817,339.9798,349.1885,0.01654003,-0.005253849,-0.0002215126,0.06119983,0.001996388,-0.1836244,-0.2096317,-0.6791013,-0.04731402,354.2104,326.9764,227.3839,-0.001538922,0.002905082,-0.0002337278,0.002444313,-0.001498026,-0.00288569

ShortAudioTest,14.32678,-0.2763078,0.07584012,0.007573769,351.6655,351.9203,358.7188,-0.427878,0.08545029,0.07442945,346.2591,339.9946,349.1425,0.0154573,-0.005940985,-0.0002578075,0.05622026,0.002835185,-0.1655947,-0.209693,-0.6790437,-0.0475077,354.2025,326.9762,227.4015,-0.00175107,0.002839755,-0.001672794,-0.001513998,-0.000529347,0.002161457

ShortAudioTest,14.33801,-0.2774868,0.0756954,0.007403241,351.613,351.6359,358.8108,-0.4277757,0.08535838,0.07434946,346.2532,340.0053,349.084,0.01434022,-0.006274318,-0.002241667,0.04519198,0.001629855,-0.1395544,-0.2096095,-0.6790489,-0.04751313,354.1992,326.9767,227.3933,-0.001212848,0.002983934,-0.001653267,-0.001291722,0.0006413886,-0.001491777

ShortAudioTest,14.34863,-0.2786818,0.07580233,0.007197724,351.5612,351.3856,358.8665,-0.4276415,0.08528519,0.07429957,346.2542,340.024,349.0255,0.01372434,-0.007139551,-0.002907457,0.0399083,0.002856705,-0.1205556,-0.2096342,-0.6790315,-0.0475446,354.2073,326.9706,227.3953,-0.001515785,0.002532646,-0.002011348,0.001673436,-0.002622396,0.001680263

ShortAudioTest,14.35997,-0.279513,0.07581043,0.007272468,351.5474,351.0676,358.8889,-0.4276205,0.08528996,0.07459956,346.2413,340.017,349.0209,0.01112375,-0.006611609,-0.001379617,0.02920132,-0.0003927336,-0.08784101,-0.2096438,-0.6789879,-0.04756823,354.2056,326.9743,227.3936,-0.001347331,0.002851781,-0.002023789,0.001403809,-0.0005150845,0.0001651079

ShortAudioTest,14.37194,-0.2801384,0.07576847,0.00738065,351.5821,350.7333,358.8072,-0.4276201,0.08520031,0.07452756,346.2386,340.0365,348.995,0.009350192,-0.005927559,-0.002973185,0.0218739,0.006311142,-0.07250541,-0.2096457,-0.6790911,-0.04736775,354.2105,326.9746,227.389,-0.001915616,0.002820247,-0.0005198013,7.077831E-05,-0.001563299,-0.001805836

ShortAudioTest,14.38273,-0.2807786,0.07605636,0.007528887,351.6674,350.4677,358.7293,-0.4277908,0.08513892,0.07438833,346.2512,339.9912,349.2051,0.002778014,-0.006418902,-0.005717392,-0.01053574,0.006561234,0.03410571,-0.2096641,-0.6790644,-0.04736018,354.2139,326.9747,227.394,-0.001851882,0.002691122,-0.0002062892,0.0002812655,-0.001292481,0.000780965

ShortAudioTest,14.3937,-0.2812405,0.07592785,0.007915542,351.5968,350.2541,358.7501,-0.4282556,0.0850879,0.07438761,346.2497,339.9398,349.5685,-0.009388121,-0.007096244,-0.008819758,-0.05123763,0.0222238,0.1682384,-0.2096618,-0.6790529,-0.04733804,354.2166,326.9784,227.3904,-0.001676278,0.002659575,-0.0001237391,0.001415869,-0.00050884,0.000168066

ShortAudioTest,14.40586,-0.2814928,0.07584822,0.008166359,351.6195,350.0726,358.7299,-0.4290621,0.08531868,0.0739485,346.2451,340.0437,349.8929,-0.02218635,-0.004545598,-0.01513501,-0.08553971,0.09598876,0.2503426,-0.2096243,-0.6790482,-0.04732186,354.2179,326.9835,227.3911,-0.001106846,0.002660522,9.272227E-05,0.0006562084,0.002530422,0.0007887217

ShortAudioTest,14.41542,-0.2820603,0.07605207,0.008218215,351.661,349.8794,358.7009,-0.4294665,0.08541048,0.07375795,346.2518,340.1366,350.2361,-0.0276314,-0.003218294,-0.01736719,-0.1228379,0.1577892,0.3565138,-0.209653,-0.6790053,-0.04733309,354.2144,326.9731,227.3919,-0.001568366,0.00333064,-0.0001888621,-0.00160054,-0.002294109,-0.0002777865

ShortAudioTest,14.42732,-0.2824857,0.0759753,0.008413241,351.6007,349.5681,358.768,-0.4301527,0.08538473,0.07362539,346.2502,340.0962,350.8361,-0.03630954,-0.003792351,-0.02039909,-0.1731107,0.1594172,0.5107518,-0.2096728,-0.6790179,-0.04735842,354.2122,326.9803,227.3925,-0.001498366,0.00322723,-9.633539E-06,-0.001390792,0.002141044,-0.00163363

ShortAudioTest,14.43842,-0.2828693,0.07561326,0.008600459,351.489,349.1403,358.9411,-0.4309913,0.0855993,0.07320499,346.2537,340.0409,351.4321,-0.04175824,-0.002500711,-0.02268075,-0.2104639,0.1509224,0.6067099,-0.2096915,-0.6790153,-0.0473597,354.2242,326.974,227.3968,-0.001483286,0.002330969,-3.602508E-05,0.002326455,-0.0009029817,0.003208389

ShortAudioTest,14.44947,-0.2835149,0.07575059,0.008637712,351.4672,348.6413,359.0484,-0.4317825,0.08571458,0.07308143,346.2712,339.8705,352.2009,-0.04743548,-0.002601489,-0.02188017,-0.2552572,0.1092843,0.7556962,-0.2097087,-0.6789595,-0.04736629,354.2169,326.9742,227.3971,-0.001477419,0.00300795,-0.0001923469,-0.0009608141,-0.0005788456,0.001248281

ShortAudioTest,14.46108,-0.2840151,0.07590139,0.008789347,351.5728,348.2419,358.8336,-0.4326129,0.08569837,0.07266736,346.2832,339.588,353.1436,-0.0539781,-0.001946278,-0.02575591,-0.315127,0.05104728,0.91307,-0.209671,-0.6790384,-0.04745716,354.2119,326.9773,227.3987,-0.001169877,0.002804433,-0.001024561,-0.001825854,0.0006967438,-0.0005674197

ShortAudioTest,14.47174,-0.2843305,0.07557821,0.009075806,351.4793,347.8257,358.7491,-0.4336399,0.08563423,0.07226497,346.3032,339.3151,354.0786,-0.06013249,-0.002821643,-0.02766835,-0.3557323,0.00957368,1.023324,-0.2096916,-0.6790119,-0.04748166,354.2131,326.9731,227.3989,-0.001357477,0.002647415,-0.001354472,-0.001014585,-0.001461415,3.130104E-05

ShortAudioTest,14.48301,-0.2850449,0.07574129,0.009197519,351.5259,347.3327,358.8788,-0.4344697,0.08577108,0.07211608,346.3167,339.1194,354.8087,-0.06789673,-0.002195464,-0.02953686,-0.3959976,-0.005588125,1.126273,-0.2096992,-0.6789929,-0.04749703,354.2148,326.9768,227.4027,-0.001249013,0.002655133,-0.001496046,-0.001615476,0.0009676059,0.002019359

ShortAudioTest,14.49428,-0.2850685,0.07538235,0.00981395,351.5316,346.8566,358.7809,-0.4355146,0.08562005,0.07168931,346.3359,338.8784,355.7955,-0.07236744,-0.003924553,-0.03191501,-0.4239777,-0.009531111,1.194466,-0.2096241,-0.6791412,-0.04737446,354.2236,326.9722,227.3975,-0.001740121,0.002373446,-0.0008314939,0.001685409,-0.00261517,0.001687414

ShortAudioTest,14.50702,-0.2855455,0.07571936,0.009971068,351.6688,346.4692,358.6467,-0.436412,0.08552539,0.07122457,346.3572,338.6217,356.8395,-0.0745738,-0.004618098,-0.03460967,-0.453178,-0.01123577,1.266211,-0.2096411,-0.6790968,-0.04738057,354.2201,326.9777,227.3952,-0.001678872,0.002705677,-0.0007512287,0.0007139018,0.0001553141,-0.0002782973

ShortAudioTest,14.51698,-0.2861837,0.07557869,0.01013027,351.4438,346.1327,358.8328,-0.4373761,0.08543289,0.07073754,346.3718,338.3676,357.8651,-0.07649028,-0.006194138,-0.03661396,-0.4753498,-0.013445,1.306246,-0.2096603,-0.6790622,-0.04739079,354.219,326.9789,227.3983,-0.001664853,0.002804404,-0.0007834967,-0.001070021,0.000919432,0.001103015

ShortAudioTest,14.52837,-0.2863249,0.07526696,0.01065467,351.4998,345.7026,358.8367,-0.4382856,0.08543289,0.07063651,346.3769,338.1447,358.8429,-0.07585581,-0.005658641,-0.03466728,-0.4883786,-0.01083741,1.311198,-0.2096239,-0.6791726,-0.04726651,354.2211,326.9747,227.396,-0.002017021,0.002813847,7.689375E-05,-0.00159678,-0.002289436,-0.000272337

ShortAudioTest,14.54,-0.2869147,0.07548141,0.01080303,351.5708,345.3622,358.7009,-0.4392893,0.08551264,0.07012486,346.387,337.9142,359.7796,-0.07547056,-0.004754348,-0.03576762,-0.4900476,-0.01141956,1.295236,-0.209633,-0.6791393,-0.04726452,354.2228,326.9799,227.3976,-0.001632934,0.00284921,9.239468E-05,-0.001064921,0.0009211166,0.001103504

ShortAudioTest,14.55029,-0.2874717,0.07557333,0.01092582,351.521,345.0667,358.7695,-0.4399761,0.08540237,0.0696826,346.405,337.7073,0.6317352,-0.07050943,-0.005996554,-0.03602918,-0.4770728,-0.01094969,1.254692,-0.2096628,-0.6791219,-0.04726905,354.2236,326.9744,227.3984,-0.001939425,0.0024301,-5.762901E-05,-0.000845039,-0.002069474,0.00139833

ShortAudioTest,14.56154,-0.2873926,0.07516444,0.01125209,351.4982,344.8064,358.8098,-0.4404175,0.08543646,0.06977445,346.4122,337.5951,1.128388,-0.06590057,-0.006108538,-0.0328599,-0.4615365,-0.007108218,1.199643,-0.2096701,-0.6790982,-0.04726979,354.2206,326.9757,227.4033,-0.001722243,0.002572585,-6.237614E-05,-0.003330447,-0.0006425998,0.002328726

ShortAudioTest,14.57155,-0.2878017,0.07536304,0.01133268,351.509,344.5726,358.7538,-0.4409602,0.08591127,0.06922078,346.3318,337.4915,1.695231,-0.05376803,0.007246411,-0.03636245,-0.4456678,0.009889734,1.027665,-0.2095759,-0.679099,-0.04726994,354.2166,326.9783,227.3965,-0.001122998,0.002847848,-0.000119058,-0.002358617,0.00075156,0.0003450807

ShortAudioTest,14.58292,-0.2881087,0.07548404,0.01137047,351.5175,344.3302,358.762,-0.4404866,0.08624995,0.06898171,346.3005,337.7143,1.290215,-0.02197208,0.008316661,-0.03099743,-0.2501553,0.06381558,0.5422146,-0.2095866,-0.6790804,-0.04727489,354.2206,326.9777,227.3929,-0.00102767,0.002483723,-0.0001850625,0.0007182519,0.0001568303,-0.0002817227

ShortAudioTest,14.5938,-0.2879332,0.07501125,0.01172088,351.4689,344.1099,358.7773,-0.4394306,0.0865978,0.0696159,346.3712,338.1778,0.06667916,0.01528564,0.01191828,-0.01108181,0.05525685,0.1260721,-0.1239271,-0.2095692,-0.6790949,-0.0472548,354.2204,326.9743,227.3947,-0.0009459848,0.002306389,-0.0003348895,-0.0003034124,-0.002118224,0.0004782193

ShortAudioTest,14.60558,-0.2881367,0.07514024,0.01179443,351.458,343.9438,358.7617,-0.4379002,0.08632159,0.06979328,346.4746,338.7914,358.3429,0.05412839,-0.000540088,0.0003577939,0.3669977,0.1814222,-0.7769146,-0.2095068,-0.6791426,-0.04722682,354.2204,326.9756,227.3983,-0.0001891915,0.001920459,0.0001045159,-0.001494869,-0.0005231583,0.002161966

ShortAudioTest,14.61681,-0.2883404,0.07531345,0.01186846,351.479,343.7862,358.7683,-0.4364926,0.08712137,0.06984437,346.3166,338.9795,357.4831,0.07316972,0.0232369,3.970233E-05,0.3291348,0.1121834,-0.9082966,-0.209491,-0.6791145,-0.04721612,354.2171,326.9788,227.3969,0.0002308593,0.002072125,0.0003284838,-0.002356411,0.0007521431,0.0003438637

ShortAudioTest,14.62759,-0.2882559,0.07502651,0.01201116,351.4901,343.6951,358.7909,-0.4362984,0.08716226,0.07051504,346.376,338.9317,357.1715,0.06489461,0.02169706,0.006490184,0.3041792,0.03206166,-0.7887262,-0.2094789,-0.679134,-0.04740059,354.2121,326.9771,227.4008,0.0003182126,0.00165773,-0.001459212,-0.0004234838,-0.000622938,0.0003308891

ShortAudioTest,14.63892,-0.2883943,0.0751642,0.01207058,351.4795,343.6125,358.7995,-0.4364078,0.08745527,0.07019597,346.3642,338.9095,357.0712,0.05184143,0.02140378,-0.001308305,0.2520272,0.002775526,-0.6655609,-0.2096398,-0.6791321,-0.04740494,354.2153,326.9767,227.4047,-0.0005672448,0.00131338,-0.001197362,-0.0005832001,-1.084407E-05,-0.001027963

ShortAudioTest,14.64989,-0.2884887,0.07526267,0.01215033,351.4504,343.5203,358.7744,-0.4356909,0.08776474,0.07027054,346.3541,339.0247,356.7039,0.0522324,0.02173846,-0.000961845,0.223925,0.009267097,-0.6033062,-0.2096337,-0.6791302,-0.04741818,354.2189,326.9776,227.4064,-0.0001602298,0.0009048933,-0.001161184,0.0007598962,0.00104201,0.0009460527

ShortAudioTest,14.66116,-0.2881097,0.07495427,0.01233904,351.4811,343.4698,358.7738,-0.436366,0.08736897,0.07067323,346.388,339.0618,356.5267,0.03412223,0.01645683,-0.0004364221,0.1804687,0.01133231,-0.484549,-0.2095631,-0.6791908,-0.04747719,354.2145,326.9746,227.4092,-8.024357E-05,0.0009523791,-0.001588524,-0.0002657043,-0.001234306,0.001705468

ShortAudioTest,14.67198,-0.2882189,0.07509565,0.01235567,351.4907,343.4307,358.7462,-0.4361801,0.08751476,0.0705204,346.3877,339.098,356.4082,0.02851379,0.01523836,-0.003956336,0.1443491,0.0111784,-0.3850418,-0.2095622,-0.6791955,-0.04749739,354.2194,326.976,227.4072,-4.614865E-05,0.0005282373,-0.001642625,0.002159928,-0.0002828151,0.001847103

ShortAudioTest,14.68363,-0.2883278,0.07522225,0.01230238,351.4768,343.4162,358.7533,-0.4362671,0.08769727,0.07029766,346.3859,339.0436,356.5681,0.01788222,0.01525074,-0.008550448,0.07859655,0.0006262419,-0.2123772,-0.209573,-0.6791483,-0.0475263,354.2057,326.9732,227.4107,-0.0003099055,0.00151845,-0.001943016,-0.004144529,-0.001743542,-0.0005578636

ShortAudioTest,14.69536,-0.2880117,0.07491136,0.01258545,351.4827,343.4061,358.746,-0.4372996,0.08734775,0.07062435,346.414,338.9449,356.9486,-0.002576728,0.01126414,-0.009009361,-0.01000499,-0.0002889818,0.01637423,-0.2094426,-0.6792737,-0.04733256,354.2213,326.9764,227.3993,-0.0001488549,0.001157943,-0.0003857526,0.002119624,-0.001164415,0.0006236471

ShortAudioTest,14.70573,-0.2881159,0.07505929,0.01253049,351.5045,343.4004,358.7363,-0.4371769,0.08712196,0.07057124,346.42,338.893,357.1906,-0.005529579,0.008484248,-0.0107183,-0.04458425,0.0005784259,0.1208681,-0.2094359,-0.6792468,-0.04732609,354.2204,326.9841,227.3985,6.207036E-05,0.001501238,-0.0001055917,0.001198186,0.002488972,-0.0001226004

ShortAudioTest,14.71686,-0.2879882,0.07496357,0.0124632,351.5021,343.4185,358.7182,-0.4374883,0.08708978,0.07032102,346.4277,338.795,357.5883,-0.01274623,0.007094373,-0.0140376,-0.08985961,-0.001382265,0.2460648,-0.2094681,-0.6792163,-0.04734111,354.2201,326.9733,227.3921,-0.0007141275,0.001817608,-0.0004209278,0.002560333,-0.002981115,-0.002731768

ShortAudioTest,14.72839,-0.2879369,0.07492769,0.01244627,351.5078,343.4344,358.7264,-0.4382166,0.08671141,0.07036179,346.4334,338.7192,357.8733,-0.02198529,0.003127281,-0.0145407,-0.1218913,-0.006321012,0.3260305,-0.2094567,-0.6792492,-0.04749593,354.2145,326.9756,227.4007,-0.0003673965,0.001486644,-0.001575974,0.001950232,-0.0005535596,-0.0007420721

ShortAudioTest,14.73937,-0.2880642,0.07504153,0.01233886,351.4969,343.4519,358.7245,-0.4381288,0.08636332,0.07033986,346.4342,338.6469,358.1701,-0.0204486,0.0005299638,-0.01441282,-0.1351879,-0.006127739,0.3566361,-0.2094568,-0.6792165,-0.04751465,354.2084,326.9781,227.3997,-0.0002748233,0.001883629,-0.001586769,-0.000745624,0.00060239,-0.002398805

ShortAudioTest,14.75082,-0.2881929,0.07518566,0.01226269,351.5042,343.4597,358.7162,-0.4384083,0.08639181,0.07041234,346.4453,338.5771,358.4727,-0.02106034,4.939891E-05,-0.01285129,-0.141387,-0.006153727,0.3781055,-0.2094519,-0.6792232,-0.04753774,354.2145,326.976,227.4032,-7.267419E-05,0.001148081,-0.001712678,0.0008677114,-0.000452105,0.001090204

ShortAudioTest,14.76179,-0.2880595,0.07492828,0.01234441,351.5168,343.4684,358.6928,-0.4388734,0.08613884,0.07027864,346.4506,338.5071,358.7639,-0.02225395,-0.002067551,-0.01336549,-0.1440644,-0.003567423,0.3821922,-0.2095244,-0.6792666,-0.04746908,354.2218,326.9808,227.3992,-0.000819505,0.0009014626,-0.0009493129,0.003086785,0.0002327219,-0.001348797

ShortAudioTest,14.77268,-0.2881802,0.0750618,0.01226835,351.5252,343.4399,358.6682,-0.4389327,0.08594918,0.07019663,346.454,338.4455,358.9989,-0.01971346,-0.003652317,-0.01280783,-0.1373874,-0.005778131,0.3651945,-0.2095338,-0.6792456,-0.04748195,354.2186,326.9755,227.4048,-0.0008380395,0.00114846,-0.001013752,-0.0003111907,-0.002112821,0.000489597

ShortAudioTest,14.78414,-0.2882783,0.07518542,0.01220887,351.5261,343.4081,358.6931,-0.4391936,0.08610976,0.07004613,346.4593,338.3974,359.2166,-0.01834818,-0.002543465,-0.0124166,-0.1304678,-0.002176323,0.3451991,-0.2095286,-0.6792439,-0.04749554,354.2199,326.9803,227.4002,-0.0004948155,0.0008605467,-0.001087998,0.001252606,0.0001136734,-0.001187018

ShortAudioTest,14.79533,-0.2879173,0.07485831,0.01240353,351.5081,343.3726,358.7169,-0.4393802,0.08598709,0.07018584,346.4588,338.3696,359.3481,-0.01539982,-0.003994863,-0.009483797,-0.1116359,-0.001725943,0.2950327,-0.2093539,-0.6794213,-0.04739052,354.2201,326.9829,227.3949,7.959032E-05,0.0007126165,-0.0004302559,0.001256335,0.0001158453,-0.001190929

ShortAudioTest,14.8064,-0.2879997,0.07498288,0.01239388,351.5129,343.3898,358.6907,-0.4393733,0.08589089,0.07013422,346.4631,338.3456,359.433,-0.01294281,-0.004728257,-0.009488507,-0.1005787,-0.003383692,0.2700034,-0.2093679,-0.6794149,-0.04740107,354.2229,326.9743,227.3993,-0.0002832309,0.0007440217,-0.0006227708,0.001095397,-0.003436378,0.00138753

ShortAudioTest,14.81755,-0.2880369,0.07518351,0.01240914,351.5698,343.3661,358.6271,-0.4394482,0.0860852,0.07024169,346.4588,338.3333,359.4992,-0.008809533,-0.002311787,-0.006753715,-0.08209993,-0.001686114,0.2121161,-0.2093511,-0.679413,-0.04740876,354.222,326.9792,227.3954,0.0002577598,0.0005596091,-0.0006153925,0.001416636,-0.0004964567,0.0001762874

ShortAudioTest,14.83471,-0.2878007,0.07488251,0.01262437,351.5716,343.2848,358.5984,-0.439538,0.0858562,0.07021135,346.4583,338.3138,359.5486,-0.006852936,-0.005731494,-0.005854324,-0.06518729,-0.004502547,0.169434,-0.2094061,-0.6795007,-0.04729372,354.2224,326.9888,227.4038,-0.0003062922,0.0006712698,0.0003714683,-0.003168518,0.002922256,-0.000237182

ShortAudioTest,14.84224,-0.2878407,0.07499409,0.01260226,351.5702,343.229,358.6182,-0.4395502,0.08597589,0.07007658,346.4547,338.3329,359.4883,-0.001498079,-0.004164587,-0.00521633,-0.03340032,-0.001028105,0.08389509,-0.209417,-0.679494,-0.04729992,354.2261,326.987,227.3999,-0.0003957611,0.0006936802,0.000110925,-0.000683067,0.001495696,-0.00116785

ShortAudioTest,14.85117,-0.2879722,0.07509398,0.01252161,351.563,343.2653,358.6381,-0.4394242,0.08586287,0.07006514,346.4527,338.3582,359.41,0.002132834,-0.006224698,-0.004436705,-0.01372083,0.0003084687,0.03734716,-0.2094228,-0.679489,-0.04730615,354.2263,326.9878,227.3998,-0.0004887357,0.0007520206,-0.0001061952,-0.0006830833,0.001495699,-0.001167837

ShortAudioTest,14.86092,-0.2877364,0.07474899,0.012596,351.517,343.3045,358.6891,-0.4391978,0.08592927,0.0702461,346.4378,338.3923,359.2745,0.007120166,-0.004402688,-0.00203688,0.008085209,-0.0008075803,-0.02910066,-0.2092941,-0.6795541,-0.0473091,354.221,326.9793,227.3983,7.853178E-05,0.0007776428,-0.000364393,-0.00159764,-0.00227755,-0.000266189

ShortAudioTest,14.87166,-0.2879126,0.07481337,0.01255398,351.5051,343.3161,358.7581,-0.4390738,0.08595431,0.07018304,346.4341,338.436,359.1122,0.01112483,-0.004888793,-0.001567555,0.03212789,0.002005738,-0.09235293,-0.2092845,-0.6795522,-0.04730469,354.2219,326.9854,227.3981,0.0003177339,0.000658824,-0.0001363378,-0.001226163,0.001545413,-0.0002575915

ShortAudioTest,14.88288,-0.288031,0.07497835,0.012551,351.5241,343.3457,358.726,-0.4388158,0.08578289,0.0702464,346.4323,338.488,358.9435,0.01376798,-0.006201909,0.00037496,0.05004044,0.004451088,-0.1315938,-0.2092726,-0.6795577,-0.04729682,354.2213,326.9869,227.3957,0.0005188861,0.0003100554,0.0001219308,-0.0006850036,0.001494903,-0.001173789

ShortAudioTest,14.89394,-0.2877628,0.07472837,0.01266877,351.5432,343.3332,358.6823,-0.4384695,0.08577335,0.07053822,346.4297,338.5464,358.7136,0.01778821,-0.005731702,0.003063774,0.0715593,0.004199842,-0.1828976,-0.2092235,-0.6795863,-0.04730096,354.2203,326.9811,227.3977,0.000237693,0.0003201212,-4.685712E-05,-0.001006699,-0.001445014,3.442651E-05

ShortAudioTest,14.90532,-0.2878559,0.07484436,0.01260881,351.541,343.3327,358.6756,-0.4382542,0.08576071,0.07056391,346.4185,338.5829,358.575,0.0184409,-0.004796041,0.002712461,0.0674843,0.004706703,-0.1870448,-0.209218,-0.6795903,-0.04730147,354.2232,326.9843,227.3929,0.0003201487,0.0001445088,-4.051101E-05,0.001258664,0.0001186688,-0.001191111

ShortAudioTest,14.91661,-0.2879813,0.07495475,0.01256012,351.5302,343.3374,358.7001,-0.4381456,0.08585453,0.07050878,346.4238,338.6043,358.4673,0.01738591,-0.004221349,0.0009128344,0.06557764,0.001942295,-0.1737395,-0.2092206,-0.6795768,-0.04729983,354.2258,326.9856,227.3974,0.0001622988,0.0004861161,2.862155E-05,0.0007678646,0.001052143,0.0009447978

ShortAudioTest,14.92772,-0.287709,0.07465839,0.01262985,351.5282,343.339,358.7016,-0.4381261,0.08572173,0.0706169,346.4145,338.6143,358.4164,0.01551823,-0.005507249,0.001304329,0.05720146,-0.0009206861,-0.1557641,-0.2092257,-0.6795982,-0.04737407,354.2177,326.9838,227.3971,-0.0001833786,0.0006974402,-0.0007756048,-3.951383E-05,-5.159852E-05,-0.0019443

ShortAudioTest,14.93879,-0.2877914,0.07479,0.01259481,351.5306,343.3321,358.6931,-0.4381633,0.0858072,0.07050705,346.414,338.6258,358.3817,0.01290136,-0.004707874,-0.0003486648,0.04564579,0.0005218207,-0.1236874,-0.2092252,-0.6795813,-0.04738516,354.2205,326.9847,227.3987,-0.0001483986,0.0009791023,-0.000857746,0.0007123627,0.0001685806,-0.0002737474

ShortAudioTest,14.96008,-0.2878052,0.07480311,0.01259719,351.5367,343.3407,358.6875,-0.4381337,0.08589661,0.07044941,346.4152,338.6274,358.3847,0.01093779,-0.003560642,-0.001680241,0.03073162,0.001394634,-0.08317491,-0.2092217,-0.6795596,-0.04739365,354.2199,326.9832,227.3965,-1.152826E-05,0.001310757,-0.0008315599,0.0006619972,-0.0007144198,-0.001493366

